0 0.414563 0.629104 0.448828 0.638514 0.478109 0.630047 0.481859 0.620637 0.471891 0.609363 0.471891 0.600896 0.464406 0.588679 0.457562 0.588679 0.446344 0.578325 0.435125 0.576439 0.425781 0.575495 0.415813 0.583962 0.407719 0.590542 0.403359 0.602783 0.407094 0.618774 0.408953 0.623467
0 0.474234 0.549033 0.462563 0.562123 0.461891 0.576745 0.470563 0.584811 0.477906 0.58934 0.490266 0.582783 0.489266 0.564151 0.484922 0.553066 0.477906 0.547005
0 0.490328 0.597689 0.489 0.586132 0.489328 0.575071 0.492328 0.570542 0.496656 0.569528 0.502984 0.573561 0.506328 0.577571 0.506984 0.582099 0.504656 0.585118 0.503984 0.589127 0.502984 0.592146 0.498656 0.597193 0.496 0.599198 0.494656 0.598703
0 0.555953 0.601486 0.553047 0.601179 0.549156 0.596509 0.545484 0.591533 0.537719 0.579811 0.536359 0.576014 0.531703 0.56342 0.534422 0.556698 0.537719 0.553184 0.542375 0.553184 0.546828 0.550825 0.548391 0.547901 0.551875 0.542335 0.556141 0.537948 0.563703 0.536792 0.566812 0.537075 0.575531 0.545566 0.58 0.547028 0.586594 0.550542 0.593187 0.550259 0.602891 0.551415 0.606953 0.558443 0.618594 0.568113 0.624016 0.581274 0.62325 0.589175 0.616266 0.602642 0.585047 0.608514
0 0.625109 0.592382 0.623125 0.591887 0.624453 0.58283 0.619781 0.568255 0.612453 0.561698 0.606797 0.558703 0.603469 0.552146 0.607125 0.542594 0.617125 0.536557 0.625109 0.536557 0.632453 0.528514 0.639781 0.532547 0.644766 0.536557 0.654094 0.531038 0.661766 0.535047 0.664094 0.541085 0.670422 0.543113 0.671422 0.549646 0.671422 0.556179 0.67775 0.564717 0.681406 0.572759 0.68275 0.580825 0.678422 0.587358 0.666094 0.589363 0.658766 0.590377 0.647109 0.591368 0.639109 0.590377 0.634109 0.591368 0.627453 0.591887
0 0.507781 0.617642 0.486594 0.617642 0.488469 0.607311 0.494062 0.604481 0.497813 0.595071 0.506531 0.584741 0.514 0.57908 0.525844 0.57908 0.538297 0.582854 0.548266 0.590377 0.552016 0.597901 0.552016 0.609175 0.543906 0.618585 0.530203 0.622335 0.512766 0.621415 0.506531 0.621415
0 0.581187 0.54908 0.586859 0.543373 0.591266 0.537901 0.583234 0.535047 0.576297 0.541226 0.576297 0.546226 0.577094 0.546462
0 0.579187 0.527618 0.579578 0.521604 0.583031 0.518396 0.586219 0.517382 0.589547 0.517783 0.591141 0.519599 0.589813 0.523797 0.585828 0.528019 0.583297 0.530024 0.579453 0.529222
0 0.511078 0.575542 0.499563 0.573844 0.494516 0.569599 0.491141 0.563255 0.491984 0.55309 0.496766 0.547146 0.503219 0.546722 0.510516 0.546722 0.514734 0.552241 0.515859 0.559858 0.516984 0.570024 0.515016 0.574269
0 0.263969 0.671392 0.261219 0.66309 0.260031 0.652995 0.263969 0.643491 0.269875 0.636958 0.274594 0.629835 0.278531 0.618538 0.285609 0.612618 0.298594 0.611415 0.305281 0.614976 0.309203 0.616179 0.316688 0.625071 0.318656 0.633986 0.324156 0.635778 0.331234 0.639929 0.335172 0.647642 0.336359 0.652995 0.334781 0.659528 0.327313 0.667241 0.304484 0.673184 0.285219 0.676745
0 0.0313594 0.681486 0.0409062 0.693514 0.0440938 0.728349 0.0233906 0.739175 0.0003125 0.743962 0 0.621415 0.01225 0.640637 0.0257812 0.662264 0.0297656 0.681486
0 0.0483125 0.688113 0.0538281 0.678231 0.0624687 0.673514 0.0694531 0.673962 0.0776406 0.679575 0.0824063 0.69059 0.0831563 0.698019 0.074375 0.706321 0.0679687 0.719811 0.061125 0.72566 0.0468281 0.717123 0.044 0.706769
