0 0.727844 0.363341 0.731922 0.349603 0.741109 0.337407 0.751312 0.336472 0.765188 0.342897 0.769688 0.349603 0.773562 0.363645 0.772953 0.3725 0.770906 0.38014 0.765188 0.388692 0.760703 0.39264 0.732125 0.387757 0.728859 0.375257 0.727016 0.363645
0 0.785141 0.391776 0.807594 0.392407 0.817281 0.394089 0.82725 0.385888 0.831188 0.368879 0.827812 0.354813 0.817141 0.341168 0.801141 0.336355 0.786531 0.34979 0.781484 0.360491 0.778391 0.36972 0.778531 0.37729
0 0.833219 0.352266 0.832594 0.360724 0.838234 0.37479 0.850781 0.376659 0.859578 0.375724 0.865219 0.38229 0.868359 0.38229 0.874625 0.372921 0.880906 0.368224 0.880906 0.354159 0.879656 0.341005 0.875891 0.339136 0.868984 0.333505 0.858313 0.328808 0.850781 0.327874 0.842625 0.334439 0.832594 0.344766 0.832594 0.351332
0 0.878781 0.358061 0.887594 0.355421 0.896406 0.355701 0.903063 0.356005 0.912266 0.359509 0.919703 0.372991 0.920484 0.383224 0.9195 0.386752 0.910109 0.38528 0.906578 0.392897 0.905219 0.400794 0.872125 0.396986 0.869188 0.386168 0.869781 0.371822 0.871547 0.365654
0 0.882828 0.357056 0.880047 0.342804 0.884016 0.329743 0.897922 0.323785 0.910625 0.328551 0.916578 0.343388 0.918969 0.357056 0.918969 0.368925 0.918969 0.372477 0.910625 0.358224 0.895531 0.355864 0.883625 0.357056
0 0.836078 0.389603 0.8435 0.396262 0.864281 0.398481 0.872875 0.397593 0.869328 0.390047 0.855078 0.377617 0.847359 0.376729 0.840234 0.380724 0.835484 0.384276
0 0.779984 0.355117 0.792953 0.338949 0.791656 0.326659 0.786031 0.318248 0.776094 0.316308 0.766141 0.318879 0.76225 0.330537 0.759656 0.333762 0.760078 0.340888 0.769594 0.347336 0.773062 0.351238 0.780844 0.355748
0 0.800281 0.330748 0.805984 0.318201 0.815375 0.310678 0.824437 0.310678 0.8345 0.31521 0.841891 0.331752 0.840547 0.336262 0.831484 0.343785 0.824437 0.333271 0.813703 0.326729 0.803297 0.328248
0 0.864125 0.331519 0.879359 0.340164 0.880922 0.340561 0.8825 0.331145 0.894844 0.326028 0.899047 0.3225 0.898 0.319346 0.891437 0.313061 0.880141 0.312687 0.865969 0.324065
0 0.871281 0.410841 0.884406 0.40257 0.893719 0.40257 0.902703 0.40722 0.903391 0.425304 0.901672 0.460911 0.876469 0.455234 0.867828 0.435631 0.861969 0.421168
