0 0.424859 0.782646 0.419359 0.795188 0.42325 0.812021 0.437016 0.812625 0.446422 0.810792 0.446656 0.793354 0.439781 0.780208 0.43175 0.775
0 0.418344 0.775604 0.421297 0.754542 0.422766 0.751729 0.422344 0.749771 0.420031 0.745 0.410969 0.743313 0.404859 0.743583 0.397484 0.754833 0.396641 0.770833 0.400656 0.777854 0.406766 0.778417 0.417078 0.777583
0 0.879969 0.966958 0.877266 0.957354 0.879969 0.948937 0.886281 0.940521 0.897984 0.941729 0.9025 0.962167 0.891687 0.970562
0 0.437312 0.732667 0.437156 0.739187 0.439359 0.742125 0.446141 0.742125 0.447078 0.736458 0.451797 0.72175 0.454016 0.715458 0.449125 0.711875 0.445188 0.709146 0.440312 0.708937 0.435906 0.711667 0.434484 0.716083 0.432906 0.719854 0.432906 0.723437 0.433063 0.727417 0.435422 0.730771
0 0.453625 0.746646 0.447156 0.739917 0.454234 0.715667 0.458875 0.715125 0.466547 0.725104 0.470594 0.7375 0.470797 0.740458 0.468578 0.744229 0.461703 0.746917
0 0.429063 0.786375 0.419594 0.782167 0.415906 0.770958 0.424328 0.751312 0.429063 0.749208 0.435375 0.752021 0.439047 0.755521 0.444312 0.769542 0.443266 0.778667 0.438 0.778667 0.432734 0.780062
0 0.449109 0.783854 0.444328 0.782875 0.443219 0.772062 0.443219 0.756354 0.449109 0.749 0.459422 0.751458 0.469359 0.763729 0.469359 0.774042 0.464953 0.782875 0.459797 0.780896 0.453531 0.781396
0 0.602172 0.709979 0.616812 0.711083 0.618656 0.709708 0.623203 0.707229 0.625469 0.710812 0.629797 0.711625 0.645672 0.708333 0.649172 0.708333 0.659281 0.7075 0.664234 0.7075 0.667328 0.709437 0.669391 0.709167 0.670828 0.705583 0.675781 0.703104 0.676609 0.701458 0.680516 0.700646 0.680312 0.697062 0.679906 0.690458 0.681969 0.683042 0.684234 0.677813 0.687734 0.673979 0.692266 0.6715 0.696609 0.670125 0.700109 0.670396 0.700937 0.664354 0.698453 0.659958 0.695672 0.657771 0.691906 0.656437 0.688406 0.655938 0.683156 0.656437 0.680516 0.655771 0.681641 0.650771 0.681766 0.645604 0.680391 0.639917 0.677516 0.635583 0.674391 0.632917 0.663375 0.632417 0.657359 0.637417 0.653859 0.63925 0.651984 0.63525 0.649234 0.63225 0.646344 0.63075 0.643469 0.63025 0.639219 0.63125 0.636453 0.633583 0.634328 0.636583 0.632828 0.639917 0.632078 0.64275 0.628953 0.63825 0.625437 0.634083 0.620812 0.63125 0.618188 0.63025 0.614297 0.63075 0.611047 0.63275 0.608422 0.637917 0.608297 0.641083 0.608422 0.647271 0.609297 0.648604 0.605391 0.653583 0.599016 0.651687 0.597734 0.653583 0.594047 0.650562 0.588953 0.649792 0.584828 0.648104 0.581438 0.648104 0.576328 0.648854 0.573625 0.650562 0.571922 0.655292 0.570078 0.660583 0.570375 0.665687 0.573344 0.669646 0.575047 0.674 0.577031 0.676646 0.574203 0.677979 0.570516 0.679292 0.567953 0.684771 0.566391 0.688187 0.567531 0.694417 0.567672 0.69725 0.569516 0.701042 0.570937 0.703312 0.574344 0.703687 0.57575 0.705396 0.576187 0.705583 0.582984 0.706333 0.586531 0.707083 0.588516 0.707667 0.590938 0.708979 0.593906 0.709937 0.596469 0.709937 0.602281 0.709937
0 0.399641 0.806583 0.40625 0.809396 0.413766 0.810208 0.418266 0.808188 0.419469 0.800979 0.419781 0.789354 0.419469 0.782542 0.416469 0.778542 0.403547 0.780146 0.398125 0.78575 0.397234 0.801375
0 0.442719 0.762396 0.434688 0.751687 0.430547 0.749417 0.422516 0.74975 0.416672 0.741625 0.416906 0.736104 0.433234 0.729604 0.436391 0.730917 0.438094 0.740333 0.442969 0.742604 0.447844 0.741625 0.452703 0.747146 0.453437 0.749417 0.449781 0.748771 0.442234 0.756875
0 0.919656 0.939542 0.916141 0.930708 0.916563 0.919417 0.922563 0.914458 0.932891 0.910875 0.941578 0.913896 0.945094 0.916104 0.949016 0.919146 0.948391 0.9285 0.943844 0.935396 0.928969 0.940083 0.921516 0.940083
0 0.816391 0.939521 0.823594 0.923729 0.830281 0.917563 0.833891 0.910687 0.839547 0.901083 0.853969 0.892833 0.864766 0.891479 0.880734 0.890792 0.901328 0.894896 0.919344 0.896271 0.936844 0.899021 0.946109 0.914125 0.948687 0.920292 0.950219 0.934708 0.951766 0.945688 0.953828 0.95325 0.954344 0.963542 0.930672 0.965604 0.910078 0.969042 0.893078 0.969042 0.880734 0.970396 0.865281 0.968354 0.847781 0.969708 0.835437 0.964229 0.828734 0.960104 0.819469 0.958042 0.813813 0.943625
0 0.461781 0.809688 0.449219 0.809688 0.4465 0.797 0.447859 0.787042 0.450906 0.782979 0.457703 0.780708 0.467891 0.778 0.472312 0.776188 0.476375 0.786146 0.466875 0.797
