0 0.607062 0.9565 0.57175 0.943042 0.556609 0.947542 0.548203 0.895958 0.565016 0.862333 0.605375 0.851125 0.622203 0.853354 0.639016 0.891479 0.635656 0.922875 0.622203 0.949771
0 0.778656 0.973042 0.755062 1 0.738203 1 0.717984 0.975271 0.706187 0.948313 0.701125 0.921354 0.741578 0.896625 0.787078 0.901125 0.800563 0.937083
0 0.542063 0.999708 0.757016 0.995792 0.718859 0.983083 0.712984 0.951792 0.711531 0.928312 0.724734 0.906792 0.730594 0.882333 0.730594 0.865708 0.718125 0.847125 0.698313 0.835375 0.651375 0.837083 0.648438 0.849792 0.646969 0.871313 0.643297 0.886979 0.640359 0.902625 0.630094 0.928042 0.598547 0.962229 0.573609 0.953437 0.533984 0.963208 0.525922 0.985708 0.525922 0.993542
0 0.796109 0.917604 0.800422 0.90325 0.824828 0.881229 0.847078 0.884104 0.872937 0.8975 0.89375 0.932937 0.894469 0.968354 0.878672 0.992292 0.867906 1 0.862156 1 0.831281 0.973125 0.823391 0.964521 0.795391 0.964521 0.794672 0.957812 0.794672 0.94825 0.801844 0.941542 0.801141 0.940583 0.793234 0.919521
0 0.968406 0.999583 0.945328 0.975667 0.923531 0.963688 0.912 0.967125 0.912 0.936354 0.933797 0.907292 0.949172 0.903875 0.977375 0.895333 1 0.915833 1 1 0.973531 1
0 0.916656 0.960417 0.902375 0.969146 0.896203 0.975333 0.882312 1 0.88425 1 0.888875 1 0.972203 1 0.971047 1 0.947891 0.975333 0.933234 0.969146 0.921672 0.965042
0 0.803531 0.958021 0.861266 0.993208 0.851375 1 0.757359 1
0 0.913734 0.933417 0.899109 0.932104 0.894688 0.932688 0.893578 0.937125 0.892797 0.954854 0.895906 0.957646 0.907312 0.957937 0.913078 0.955 0.912844 0.939917
0 0.578906 0.813875 0.583141 0.813521 0.591375 0.813521 0.602781 0.819187 0.60675 0.8245 0.612594 0.838646 0.613125 0.840417 0.613125 0.848542 0.595344 0.851729 0.579953 0.852438
0 0.918016 0.0942708 0.915641 0.105146 0.916328 0.113292 0.917344 0.118729 0.909531 0.122813 0.905797 0.129146 0.902391 0.148625 0.902063 0.159042 0.899344 0.167187 0.889484 0.17625 0.894594 0.180312 0.902063 0.1785 0.903078 0.186208 0.920391 0.194812 0.986969 0.191187 0.988656 0.173083 1 0.173083 0.999875 0.069375 0.999875 0.00145833 0.933641 0.001 0.930594 0.0240833 0.930594 0.0376667 0.935344 0.0485417 0.930594 0.073 0.925156 0.0829583
