0 0.908484 0.516667 0.921141 0.51175 0.929578 0.5005 0.931688 0.492771 0.930094 0.473792 0.922188 0.46325 0.909016 0.457625 0.888984 0.461146 0.881594 0.490667 0.886344 0.505417 0.894781 0.51175 0.900578 0.518771
0 0.875313 0.517271 0.863891 0.524125 0.847875 0.524125 0.837016 0.519562 0.825594 0.511937 0.819297 0.505833 0.818734 0.491354 0.823297 0.479167 0.830156 0.465438 0.839312 0.460875 0.853031 0.459354 0.863312 0.463146 0.871312 0.473062 0.875313 0.482979 0.877031 0.494396 0.873031 0.509646
0 0.919766 0.516458 0.925078 0.504833 0.928953 0.500313 0.935734 0.494521 0.943953 0.492583 0.950734 0.492583 0.955094 0.493229 0.957516 0.493229 0.958969 0.481604 0.963797 0.475792 0.968156 0.470646 0.981234 0.466771 0.988969 0.466771 0.997203 0.469354 0.998172 0.482896 1 0.543563 0.978328 0.540979 0.950734 0.53775 0.942016 0.53775 0.937672 0.538396 0.936219 0.530646 0.936219 0.518396 0.931375 0.515813 0.927984 0.515813
0 0.83275 0.540646 0.833187 0.525813 0.829328 0.514958 0.825469 0.508687 0.810063 0.499542 0.803641 0.499542 0.796359 0.500125 0.788656 0.50525 0.788219 0.512687 0.786078 0.516667 0.784359 0.52125 0.783078 0.527521 0.783078 0.533229 0.783078 0.537229 0.783078 0.537229 0.783516 0.540646 0.832328 0.539521
0 0.555266 0.416646 0.544937 0.412667 0.541609 0.395792 0.544937 0.380708 0.555922 0.378042 0.554922 0.368708 0.570234 0.343854 0.590219 0.346521 0.596875 0.361625 0.598531 0.362938 0.597531 0.354958 0.601203 0.349625 0.609859 0.348292 0.613187 0.350958 0.608516 0.363396 0.605531 0.390021 0.604531 0.410229
0 0.297156 0.382 0.326891 0.382792 0.330719 0.369438 0.328078 0.351771 0.320719 0.342333 0.305109 0.341938 0.295969 0.346271 0.290969 0.356083 0.290375 0.366292 0.291859 0.374937
0 0.292344 0.353125 0.290344 0.357771 0.290109 0.36475 0.292594 0.374688 0.293344 0.378021 0.292594 0.381 0.287359 0.382646 0.277406 0.382979 0.270703 0.381333 0.266219 0.375354 0.264969 0.368396 0.263984 0.359104 0.267703 0.349479 0.275922 0.344167 0.286375 0.345833 0.290844 0.350146 0.292594 0.351479
0 0.439406 0.503313 0.413828 0.494417 0.402719 0.481063 0.394937 0.472167 0.394937 0.461792 0.399375 0.439563 0.419391 0.433625 0.436078 0.436583 0.459422 0.463271 0.457203 0.498854
0 0.0992187 0.515583 0.0810156 0.513875 0.0807031 0.507062 0.0816562 0.499833 0.0835625 0.490875 0.0896406 0.482375 0.0966562 0.477687 0.104641 0.474271 0.110719 0.474708 0.115187 0.478104 0.114219 0.511313
0 0.0422344 0.523646 0.0304063 0.503375 0.0405469 0.467333 0.0709531 0.456083 0.0793906 0.476354 0.0760156 0.505625 0.0489844 0.516896
0 0.0895312 0.483104 0.0760156 0.465083 0.0895312 0.431312 0.116547 0.440312 0.113172 0.478604
0 0.352312 0.382021 0.340797 0.382021 0.336422 0.366667 0.348484 0.349125 0.356703 0.349125 0.372063 0.350583 0.377531 0.357896 0.377531 0.367396 0.373156 0.37325
0 0.496563 0.353021 0.509062 0.349271 0.520625 0.352188 0.5225 0.360938 0.525625 0.365104 0.534375 0.364687 0.53875 0.371771 0.543125 0.378021 0.539687 0.396375 0.53125 0.398042 0.510625 0.394292 0.509687 0.398875
