0 0.0835156 0.109833 0.0757656 0.104021 0.0665781 0.10725 0.0602812 0.109833 0.0578594 0.120813 0.0583438 0.134354 0.0636719 0.139521 0.0680313 0.140167 0.0752812 0.141458 0.09125 0.147271 0.0994844 0.147271 0.108688 0.138875 0.10675 0.120813 0.0994844 0.108542 0.0936719 0.107896 0.0859375 0.109187
0 0.124594 0.192208 0.119047 0.185729 0.114531 0.179271 0.113141 0.170937 0.117313 0.16075 0.123203 0.155667 0.131531 0.155208 0.136734 0.158437 0.142641 0.166771 0.142984 0.166771 0.145766 0.176938 0.145063 0.183896 0.142297 0.187125 0.138828 0.188979 0.136734 0.189896 0.1305 0.19175 0.127375 0.192687
0 0.00403125 0.241271 0.0130312 0.240375 0.0185156 0.239792 0.0251094 0.245354 0.0270781 0.252979 0.0264219 0.265271 0.0218125 0.280479 0.0103906 0.281958 0.00425 0.279312 0.00160938 0.274625 0 0.266729 0 0.24975
0 0.0505625 0.294 0.05225 0.294 0.0775312 0.29625 0.0775312 0.318729 0.0572969 0.347937 0.048875 0.352437 0.0421406 0.329958 0.0421406 0.329958
0 0.0735156 0.261354 0.0802344 0.262208 0.0882187 0.259646 0.0949219 0.262208 0.0974688 0.271562 0.0942813 0.277542 0.0923594 0.283917 0.0904531 0.292854 0.0914062 0.298396 0.0735156 0.291583 0.0690469 0.2835 0.0680937 0.271562
0 0.0904688 0.251354 0.0895156 0.240271 0.0840781 0.233458 0.0757812 0.229208 0.0674844 0.228771 0.0614062 0.235167 0.0582187 0.24325 0.0578906 0.251771 0.0604531 0.261146 0.0681094 0.266667 0.0729062 0.261562 0.0818438 0.262 0.0875937 0.256875
0 0.0283594 0.404979 0.0354531 0.413854 0.0367813 0.425083 0.0296875 0.433958 0.0159375 0.447542 0.0115 0.449312 0.006625 0.439271 0.00440625 0.428042 0.0061875 0.414438 0.0101719 0.40675 0.0132812 0.404979 0.0221406 0.400833
0 0.0141563 0.405333 0.0134531 0.396542 0.0158906 0.387771 0.017875 0.386104 0.0230937 0.382792 0.0265781 0.383771 0.0310625 0.384104 0.0325469 0.387104 0.0332969 0.389083 0.0325469 0.393396 0.0315625 0.396063 0.0345469 0.400708 0.0357813 0.406 0.0325469 0.408667 0.0280781 0.404021 0.0216094 0.402354 0.0208594 0.402354
0 0.0164687 0.311417 0.0045625 0.312625 0.0004375 0.305604 0 0.298583 0.001125 0.279354 0.00845313 0.277521 0.0171563 0.281187 0.0237969 0.284854 0.0244844 0.295542 0.0194375 0.303479
0 0.109047 0.171792 0.106937 0.164042 0.103234 0.161562 0.0979375 0.158042 0.0886719 0.159104 0.0828438 0.168271 0.081 0.17675 0.0828438 0.185917 0.0873437 0.193333 0.092375 0.194375 0.096875 0.194375 0.105609 0.197917 0.107203 0.197917 0.107984 0.189438 0.108781 0.179562 0.110109 0.173917
0 0.0850156 0.194958 0.0734531 0.186625 0.0597031 0.194125 0.0465781 0.181208 0.0515781 0.161625 0.0590781 0.159958 0.0728281 0.160792 0.0812656 0.144958 0.0934531 0.159125 0.0856406 0.160792 0.0818906 0.169958 0.0856406 0.194542
0 0.0929219 0.282292 0.105328 0.269063 0.113766 0.272375 0.121203 0.275021 0.124188 0.284292 0.120719 0.292896 0.11525 0.279646 0.111781 0.282292 0.117734 0.302146 0.113766 0.304792 0.097875 0.281625 0.108797 0.307437 0.101359 0.308771 0.0944062 0.306125 0.0914219 0.300833 0.0914219 0.297521 0.0929219 0.281625
