0 0.201234 0.811625 0.203844 0.827917 0.209047 0.832062 0.222031 0.828958 0.226984 0.824438 0.230359 0.812667 0.2275 0.797062 0.216578 0.793604 0.207484 0.807458
0 0.512016 0.829937 0.513906 0.825292 0.511375 0.817937 0.509641 0.815417 0.507594 0.814354 0.506641 0.814146 0.502234 0.814771 0.498125 0.817312 0.497328 0.821521 0.497328 0.827396 0.497813 0.830979 0.500969 0.835187 0.503016 0.83625 0.503812 0.833083 0.506484 0.830979 0.510594 0.830354 0.51075 0.830354 0.511859 0.830354 0.512016 0.830354
0 0.133219 0.875208 0.118266 0.865896 0.115406 0.858688 0.114781 0.848521 0.119219 0.842583 0.125266 0.838333 0.127812 0.839187 0.134172 0.841729 0.138609 0.843854 0.144656 0.848083 0.147203 0.852333 0.141469 0.860812 0.138297 0.868854 0.136391 0.871833
0 0.551969 0.734917 0.555813 0.732646 0.557953 0.728854 0.556813 0.725062 0.55325 0.723542 0.551125 0.723167 0.549266 0.727708 0.550125 0.732062
0 0.187 0.804104 0.181906 0.818812 0.186156 0.832375 0.203109 0.825583 0.203953 0.806375 0.192938 0.797333 0.184453 0.812021
0 0.142359 0.824188 0.151344 0.819396 0.156141 0.817396 0.163344 0.818188 0.167234 0.808208 0.170234 0.802208 0.174141 0.799 0.180125 0.797812 0.185828 0.800208 0.188531 0.799417 0.193016 0.797812 0.197516 0.797812 0.200813 0.797021 0.203813 0.791417 0.206219 0.788625 0.214531 0.786625 0.222625 0.789021 0.228313 0.794208 0.233719 0.794604 0.241203 0.790208 0.243906 0.799 0.247203 0.803 0.2505 0.812604 0.256203 0.827792 0.257687 0.832979 0.261 0.834188 0.260516 0.841417 0.253625 0.860208 0.243125 0.869792 0.241031 0.863812 0.238625 0.861 0.228437 0.864604 0.215547 0.869396 0.200859 0.873792 0.193656 0.876188 0.187062 0.876188 0.181375 0.877 0.175672 0.879792 0.169984 0.887792 0.165187 0.892188 0.157078 0.894979 0.146 0.902979 0.139391 0.909771 0.130109 0.924958 0.124406 0.936146 0.116906 0.950146 0.114219 0.959333 0.107016 0.971333 0.100422 0.988917 0.0878281 0.986125 0.0806406 0.985708 0.0680469 0.985312 0.0548594 0.982917 0.0392656 0.980125 0.0386719 0.972917 0.038375 0.963333 0.038375 0.957729 0.0398594 0.952938 0.0416719 0.948937 0.0458594 0.945354 0.0497656 0.944146 0.05425 0.944542 0.0584531 0.946146 0.0605469 0.948146 0.0614531 0.94775 0.0599531 0.940958 0.0608594 0.934146 0.0620469 0.929354 0.0644531 0.924563 0.0668438 0.920958 0.06925 0.918958 0.0740469 0.918167 0.0791406 0.920167 0.0815312 0.920958 0.0794375 0.915771 0.0800469 0.909375 0.0827344 0.904167 0.0851406 0.900979 0.089625 0.897771 0.094125 0.894583 0.097125 0.894187 0.101031 0.893792 0.100719 0.888188 0.0998281 0.882979 0.101031 0.875792 0.105219 0.867396 0.115109 0.863812 0.114516 0.855417 0.115109 0.848208 0.117219 0.843417 0.122609 0.840229 0.122313 0.834229 0.124406 0.827438 0.127109 0.822625 0.132797 0.820229 0.135203 0.819042 0.141203 0.819437
0 0.596766 0.801937 0.594578 0.797354 0.594578 0.791104 0.590828 0.785271 0.588641 0.782771 0.586453 0.776521 0.582703 0.769437 0.579266 0.764437 0.575203 0.757771 0.569266 0.749438 0.567391 0.744437 0.563953 0.739437 0.555203 0.736104 0.556453 0.732771 0.557391 0.726521 0.558016 0.724438 0.560516 0.723187 0.563328 0.724021 0.568641 0.726938 0.573328 0.730271 0.576141 0.729854 0.578953 0.729854 0.582703 0.733187 0.583953 0.734854 0.586766 0.736938 0.588953 0.739854 0.590828 0.746521 0.596141 0.752771 0.598953 0.759021 0.601156 0.763604 0.604906 0.767771 0.607406 0.769854 0.609906 0.773188 0.611156 0.775271 0.612406 0.779854 0.614906 0.783604 0.617094 0.788187
0 0.533609 0.771771 0.533609 0.767687 0.537672 0.764521 0.541078 0.764062 0.544469 0.764521 0.545828 0.768583 0.544813 0.772667 0.546844 0.774938 0.548547 0.778104 0.550922 0.780813 0.553984 0.783083 0.557719 0.783542 0.558391 0.784896 0.560766 0.78625 0.562125 0.789875 0.562125 0.7935 0.563156 0.795312 0.565859 0.796208 0.56825 0.798021 0.570969 0.800292 0.572656 0.805729 0.571297 0.812063 0.574703 0.815687 0.576063 0.820667 0.560438 0.833792 0.558734 0.827 0.555 0.827458 0.538359 0.839229 0.524766 0.8415 0.493188 0.843771 0.4925 0.784437 0.495906 0.784437 0.501344 0.784896 0.504391 0.797562 0.533609 0.797562 0.529531 0.774938 0.510172 0.776292 0.513906 0.772208 0.516625 0.770854 0.520016 0.770854 0.522391 0.772667 0.525797 0.772667 0.533266 0.771771
0 0.576344 0.820625 0.571453 0.811813 0.572313 0.802229 0.568 0.798375 0.561672 0.793792 0.561391 0.787271 0.557937 0.782667 0.551031 0.78075 0.548156 0.777688 0.546438 0.773854 0.545563 0.772687 0.543562 0.7635 0.542125 0.7635 0.535797 0.76425 0.530328 0.765792 0.52975 0.765792 0.527156 0.754292 0.526594 0.751979 0.524859 0.748146 0.522281 0.745083 0.518828 0.742792 0.516516 0.739333 0.517391 0.733208 0.519109 0.731667 0.521703 0.729375 0.525156 0.728208 0.530906 0.7355 0.535797 0.7355 0.534922 0.727458 0.538375 0.724771 0.547578 0.724771 0.550453 0.731292 0.550453 0.736271 0.556781 0.737417 0.562531 0.737417 0.565125 0.743563 0.568281 0.750062 0.572313 0.750833 0.573469 0.756208 0.57375 0.760042 0.578062 0.762333 0.578922 0.765417 0.580078 0.769625 0.584969 0.770771 0.587266 0.774229 0.586984 0.778438 0.586984 0.780354 0.587562 0.785729 0.592156 0.7865 0.593313 0.789188 0.594453 0.793021 0.594453 0.796458 0.595609 0.798771 0.597047 0.802229 0.595891 0.805667
0 0.601562 0.707479 0.610437 0.713396 0.616859 0.714708 0.621797 0.718667 0.628219 0.724583 0.632172 0.724583 0.637109 0.735125 0.642047 0.741708 0.641062 0.743021 0.6455 0.746313 0.646 0.750271 0.649453 0.751583 0.651922 0.756854 0.656375 0.758833 0.638094 0.772646 0.632172 0.768042 0.629703 0.759479 0.62625 0.757521 0.624391 0.756188 0.622016 0.751958 0.619891 0.750187 0.619359 0.745604 0.616187 0.741729 0.614344 0.740667 0.612484 0.734667 0.610109 0.732563 0.607984 0.728312 0.606141 0.7255 0.602437 0.723729 0.600313 0.721625 0.598469 0.717375 0.595016 0.715625 0.592109 0.714562 0.591578 0.711375 0.592109 0.708208 0.593438 0.7075 0.596344 0.706083 0.600047 0.706437 0.601906 0.706437
0 0.381453 0.831958 0.381047 0.826604 0.38225 0.823396 0.38425 0.820187 0.388266 0.819125 0.392672 0.820729 0.396281 0.823396 0.397891 0.826083 0.397484 0.830354 0.391469 0.834104 0.386656 0.8325
0 0.411203 0.838792 0.417594 0.834063 0.427187 0.840687 0.426469 0.851083 0.420078 0.853938 0.413687 0.838313
0 0.375328 0.849229 0.375328 0.843167 0.375328 0.834896 0.378625 0.829937 0.385656 0.831583 0.39475 0.831042 0.4055 0.833229 0.408391 0.839292 0.418719 0.844271 0.422031 0.851979 0.433188 0.853625 0.440219 0.864646 0.446828 0.873479 0.443109 0.886146 0.427813 0.896625 0.415828 0.886146 0.410453 0.875667 0.403438 0.866854 0.398469 0.871813 0.386078 0.867958 0.376156 0.856938
