0 0.581611 0.100516 0.656088 0.146484 0.677155 0.193656 0.680397 0.227516 0.631799 0.29525 0.588075 0.317031 0.542741 0.319437 0.47795 0.302516 0.440711 0.285578 0.419644 0.260172 0.409937 0.220266 0.41318 0.173094 0.445565 0.134391 0.484435 0.111406 0.50387 0.102937 0.533013 0.100516
0 0.711695 0.174266 0.744895 0.145125 0.789393 0.135156 0.839812 0.138484 0.872448 0.151781 0.905084 0.1695 0.925837 0.200516 0.925837 0.244828 0.924351 0.279172 0.866506 0.325703 0.790858 0.342313 0.727092 0.329016 0.694456 0.312406 0.675167 0.279172 0.678138 0.244828 0.688515 0.212703 0.701883 0.185016
0 0.661025 0.0561875 0.660272 0.0430938 0.659498 0 0.917992 0 0.921799 0.0282813 0.914163 0.0721406 0.879854 0.108016 0.828766 0.129656 0.738808 0.133641 0.712113 0.121687 0.706025 0.108578 0.680858 0.102313 0.661799 0.101188 0.664079 0.0766875
0 0.40295 0.2245 0.391381 0.228656 0.365711 0.230266 0.330188 0.226109 0.313494 0.216844 0.287406 0.194141 0.277552 0.183281 0.271987 0.164094 0.270711 0.147797 0.282259 0.133094 0.298536 0.116156 0.319059 0.102406 0.345167 0.0950625 0.368703 0.0960156 0.387971 0.09825 0.401653 0.104641 0.414079 0.110406 0.415795 0.113594 0.466276 0.0912188 0.480837 0.0905781 0.482971 0.103688 0.47569 0.107531 0.459854 0.109125 0.449603 0.114875 0.441883 0.117438 0.436318 0.118391 0.429916 0.122547 0.436318 0.130859 0.442741 0.135969 0.412782 0.172734 0.406778 0.183 0.403368 0.197656 0.400816 0.216203
0 0.443201 0.137625 0.489854 0.10975 0.527176 0.102781 0.594812 0.106266 0.620481 0.0992969 0.620481 0.0714219 0.615816 0.0609688 0.590146 0.0679375 0.580816 0.0574844 0.608808 0.054 0.545837 0.027875 0.562155 0.00348438 0.548159 0.00173438 0.531841 0.0209063 0.503849 0.0121875 0.480523 0.00521875 0.43387 0.0156719 0.394205 0.0452969 0.377887 0.081875 0.382552 0.102781 0.415209 0.113234 0.459519 0.0940781 0.475858 0.0940781 0.475858 0.104531 0.459519 0.10975 0.436192 0.121953 0.438536 0.137625
0 0.990439 0.230031 0.957176 0.235 0.933891 0.239969 0.923912 0.244109 0.919477 0.266469 0.910607 0.296297 0.911715 0.307063 0.922803 0.317828 0.930565 0.329422 0.953849 0.336047 0.968264 0.336047 0.989331 0.334391 1 0.331906 0.99931 0.233344 0.99931 0.233344
0 0.162929 0.637172 0.198828 0.635906 0.218787 0.627812 0.23818 0.611641 0.213096 0.592906 0.191987 0.593328 0.178891 0.594609 0.166339 0.602266 0.157782 0.60525 0.153222 0.616313 0.153222 0.6325
0 0.144979 0.633281 0.0928452 0.631625 0.0917364 0.606781 0.101715 0.599328 0.13387 0.594359 0.170481 0.594359 0.156067 0.604297 0.156067 0.604297 0.149414 0.613406 0.149414 0.620031 0.149414 0.629141
0 0.598912 0.104781 0.625983 0.0907344 0.643619 0.0845781 0.662448 0.0907344 0.667155 0.09425 0.667155 0.103906 0.647155 0.103906 0.648326 0.118844 0.662448 0.127625 0.694205 0.132906 0.702448 0.133781 0.708326 0.137297 0.715377 0.143453 0.740084 0.148719 0.743619 0.150469 0.742448 0.152234 0.697741 0.1865 0.685983 0.204953 0.677741 0.200563 0.667155 0.150469 0.638912 0.125 0.613033 0.117094 0.591862 0.110937 0.596569 0.106547
0 0.225188 0.633953 0.221946 0.627172 0.225502 0.619906 0.234268 0.615797 0.245607 0.613609 0.261485 0.613859 0.271862 0.620156 0.272176 0.626687 0.268933 0.63225 0.250795 0.633703 0.229079 0.636844 0.227448 0.635875
