0 0.695109 0.323926 0.703391 0.339673 0.716187 0.347566 0.725219 0.366278 0.725219 0.402699 0.716938 0.421411 0.701891 0.431268 0.655984 0.406646 0.646203 0.401718 0.643953 0.37317 0.643953 0.351493 0.649219 0.336728 0.662016 0.324908 0.681578 0.318016
0 0.831359 0.361677 0.825187 0.372699 0.824078 0.3918 0.831922 0.416769 0.851562 0.440266 0.871203 0.458609 0.892516 0.447607 0.908797 0.416769 0.910469 0.377096 0.894203 0.341125 0.850437 0.32865 0.834734 0.35728
0 0.487094 0.278712 0.478125 0.251329 0.469156 0.221984 0.454219 0.21317 0.451969 0.173067 0.497563 0.144703 0.554359 0.13591 0.557234 0.232229 0.545281 0.225378 0.533312 0.244949 0.532578 0.266462 0.542281 0.270368 0.521359 0.287975 0.490719 0.287975 0.486234 0.273313
0 0.451797 0.202843 0.442844 0.188998 0.430625 0.182597 0.420047 0.182597 0.415172 0.171943 0.359812 0.152781 0.347594 0.175153 0.345969 0.224151 0.354922 0.267832 0.355734 0.278487 0.393187 0.288078 0.401328 0.281677 0.404578 0.258241 0.42575 0.244397 0.442031 0.246524 0.442031 0.261431 0.447719 0.255051 0.447719 0.239059 0.447719 0.232679 0.452609 0.218834
0 0.473094 0.0762168 0.490406 0.0447853 0.506609 0.066728 0.493766 0.0835378 0.504375 0.093047 0.520016 0.0952352 0.535094 0.111309 0.539016 0.129591 0.535656 0.138364 0.530078 0.139836 0.510516 0.129591 0.496563 0.119366 0.4865 0.128139 0.490969 0.148609 0.487063 0.152249 0.468625 0.149325 0.449078 0.150798 0.444609 0.141288 0.45075 0.128855
0 0.735156 0.361616 0.732609 0.373231 0.745297 0.392331 0.755453 0.392331 0.769406 0.384029 0.781453 0.391493 0.788422 0.403947 0.80175 0.396462 0.827125 0.36908 0.829656 0.341677 0.818234 0.326748 0.820781 0.308487 0.805547 0.295194 0.786531 0.286074 0.7675 0.289387 0.751641 0.300184 0.753547 0.321759 0.751 0.34501 0.744031 0.357464
0 0.841922 0.422188 0.823719 0.404744 0.793953 0.403006 0.77975 0.415215 0.765094 0.440204 0.761984 0.464601 0.849906 0.500061 0.863234 0.482638 0.857453 0.456483 0.843688 0.429162 0.83925 0.425092
0 0.540797 0.599039 0.624062 0.606626 0.694406 0.608957 0.712203 0.608957 0.715328 0.615358 0.714875 0.641575 0.70775 0.675951 0.700187 0.6882 0.693516 0.666053 0.672578 0.667791 0.661016 0.667791 0.626281 0.647403 0.596453 0.638078 0.569297 0.636912 0.559063 0.638671 0.549703 0.640409 0.536344 0.65499
0 0.526516 0.7818 0.533109 0.691431 0.689906 0.666012 0.692672 0.666462 0.696484 0.676012 0.697531 0.690082 0.698219 0.699162 0.698219 0.716421 0.695797 0.74456 0.689203 0.75274 0.595891 0.728221 0.580625 0.730041 0.533109 0.782699
0 0.43575 0.261718 0.415859 0.287751 0.4855 0.342454 0.527281 0.352863 0.529266 0.305992 0.527281 0.287751 0.495453 0.287751 0.4855 0.264315 0.449688 0.253906 0.43575 0.264315
0 0.647578 0.199162 0.623078 0.167076 0.605984 0.158139 0.594578 0.154397 0.591156 0.149939 0.627641 0.132025 0.645875 0.131288 0.681781 0.140982 0.700016 0.156646 0.711406 0.173047 0.687484 0.180511 0.680063 0.175297 0.676078 0.164847 0.66525 0.171554 0.666953 0.183497 0.667531 0.19319 0.661828 0.19544
0 0.524734 0.811616 0.519891 0.864785 0.542141 0.860982 0.593422 0.847055 0.644688 0.848323 0.689187 0.860982 0.693063 0.830593 0.688219 0.772352 0.624375 0.785031 0.523766 0.80908
