0 0.384125 0.873517 0.376094 0.839713 0.383453 0.812057 0.402187 0.803876 0.432281 0.826411 0.432281 0.844833 0.426266 0.871459 0.411547 0.869426 0.393484 0.871459 0.388813 0.881699
0 0.929078 0.686388 0.927734 0.649498 0.931078 0.610598 0.93175 0.601364 0.950484 0.597273 0.958516 0.605478 0.959844 0.614689 0.974562 0.60445 0.987937 0.605478 0.991281 0.612632 0.994625 0.620837 0.993953 0.610598 0.999312 0.598301 0.999984 0.645407 1 0.68945 0.998641 0.697656 0.995297 0.69866 0.979906 0.682273 0.959844 0.685359 0.947141 0.681268 0.935094 0.679211
0 0.106609 0.723804 0.112563 0.705 0.132281 0.69189 0.148281 0.697584 0.157219 0.712416 0.159078 0.727225 0.158703 0.743158 0.155719 0.748852 0.152375 0.75 0.1375 0.760263 0.128188 0.767656 0.125594 0.760263 0.124094 0.751722 0.119641 0.740311
0 0.3815 0.620502 0.379047 0.648182 0.38725 0.660766 0.397937 0.667057 0.403688 0.656986 0.414375 0.651962 0.414375 0.639378 0.412734 0.623014 0.408625 0.616722 0.401234 0.610431 0.393016 0.610431
0 0.487984 0.719258 0.49025 0.746986 0.497797 0.752751 0.506094 0.764306 0.512875 0.772392 0.516656 0.77701 0.521188 0.768923 0.530984 0.75622 0.535516 0.752751 0.540047 0.745837 0.540047 0.731962 0.540797 0.71811 0.540797 0.707703 0.53325 0.697321 0.528719 0.691531 0.524203 0.688062 0.515906 0.688062 0.503828 0.688062 0.493266 0.696148 0.487234 0.703086
0 0.203172 0.822799 0.193625 0.814019 0.188375 0.797943 0.188375 0.780407 0.192188 0.767967 0.204609 0.759211 0.210812 0.757727 0.220844 0.761388 0.226094 0.770167 0.232297 0.784067 0.230875 0.804522 0.221797 0.81256 0.215594 0.814761 0.209859 0.818421
0 0.232656 0.777775 0.223109 0.763134 0.215469 0.756555 0.209734 0.747057 0.215937 0.717823 0.223109 0.706842 0.237906 0.698086 0.25175 0.698804 0.260344 0.706124 0.265594 0.71488 0.267031 0.729522 0.267984 0.743397 0.266562 0.752177 0.257 0.755837 0.248891 0.757297 0.243156 0.763134 0.240297 0.768254 0.233609 0.775574
0 0.248953 0.756794 0.259922 0.752919 0.267922 0.751627 0.277625 0.75744 0.285203 0.765813 0.288578 0.773565 0.290687 0.779378 0.291953 0.790335 0.291953 0.801962 0.287734 0.801316 0.280984 0.802608 0.270453 0.807129 0.267078 0.816148 0.262453 0.8239 0.259078 0.827129 0.256125 0.833589 0.254859 0.825837 0.247266 0.818732 0.240531 0.812919 0.235047 0.809067 0.230406 0.804545 0.230828 0.791627 0.233359 0.77744
0 0.456453 0.775287 0.437375 0.752799 0.435906 0.73933 0.440312 0.712368 0.44325 0.701124 0.459391 0.698876 0.471125 0.701124 0.482875 0.712368 0.48875 0.73933 0.487281 0.757297 0.468187 0.784258
0 0.159625 0.748756 0.161078 0.719617 0.178656 0.697201 0.200625 0.701675 0.215266 0.721866 0.207953 0.753254 0.187437 0.773421 0.175734 0.77567 0.159625 0.751005
0 0.326797 0.727201 0.32625 0.742105 0.337062 0.742919 0.345187 0.754522 0.35275 0.779378 0.35275 0.784354 0.358172 0.781029 0.366828 0.762799 0.380344 0.748732 0.377641 0.723062 0.366828 0.70567 0.347891 0.703182 0.334906 0.71311
0 0.152641 0.912368 0.132094 0.952799 0.115953 0.941579 0.105672 0.930335 0.107141 0.896627 0.121812 0.874163 0.148234 0.869665 0.161453 0.914617
0 0.762375 0.819282 0.757172 0.824617 0.752203 0.823852 0.748484 0.817775 0.741797 0.811316 0.734359 0.809043 0.727672 0.80677 0.725187 0.795 0.724453 0.783612 0.725938 0.770335 0.728422 0.76122 0.737094 0.754402 0.744031 0.749856 0.750719 0.748325 0.755672 0.749474 0.763109 0.752871 0.772781 0.765789 0.77625 0.77945 0.777 0.790455 0.775516 0.798804 0.771797 0.805622 0.766094 0.813612
