0 0.574005 0.47856 0.615218 0.47276 0.663447 0.48104 0.673519 0.50092 0.678544 0.52576 0.6725 0.55392 0.63733 0.57214 0.588083 0.56304 0.565971 0.54896 0.555898 0.52246 0.560922 0.48932
0 0.530461 0.5983 0.544709 0.57678 0.550631 0.56994 0.563689 0.56504 0.582694 0.56504 0.601675 0.56504 0.614733 0.56994 0.61949 0.57288 0.634927 0.59244 0.638495 0.60418 0.638495 0.61982 0.637306 0.63156 0.633738 0.6384 0.624248 0.64526 0.617112 0.65014 0.601675 0.65406 0.590995 0.65406 0.566068 0.65406 0.54233 0.64624 0.528083 0.62764 0.529272 0.60612
0 0.429248 0.65258 0.439417 0.63386 0.459782 0.61644 0.47233 0.61128 0.480146 0.6087 0.492694 0.61064 0.505995 0.6158 0.517743 0.62224 0.522451 0.62676 0.530267 0.63902 0.535752 0.65128 0.53733 0.66354 0.542015 0.67646 0.542816 0.68742 0.542816 0.69324 0.538883 0.69646 0.502864 0.7113 0.489563 0.72162 0.485631 0.72292 0.479369 0.72292 0.466845 0.71712 0.450388 0.70808 0.429248 0.68098 0.429248 0.66936 0.428471 0.6571
0 0.238374 0.63896 0.236286 0.62586 0.241141 0.6042 0.257039 0.58598 0.292282 0.56546 0.318568 0.56206 0.34068 0.57686 0.364199 0.6042 0.365583 0.61958 0.34966 0.65092 0.334466 0.66288 0.305437 0.6549 0.279854 0.65034 0.252184 0.6532
0 0.359976 0.50786 0.343617 0.50786 0.324539 0.49214 0.319078 0.46966 0.319078 0.44944 0.33 0.42922 0.354539 0.41798 0.36818 0.40224 0.392718 0.42022 0.411796 0.43596 0.422718 0.45842 0.417257 0.49438 0.370898 0.51686
0 0.425947 0.444 0.432961 0.47462 0.426505 0.47906 0.458277 0.4835 0.478738 0.49016 0.48682 0.48972 0.501359 0.46708 0.502451 0.46042 0.502451 0.4431 0.474976 0.42536 0.452888 0.42402 0.442112 0.4258 0.430801 0.43778
0 0.545388 0.42488 0.544369 0.45138 0.588592 0.47044 0.625801 0.4721 0.650922 0.45636 0.652937 0.42156 0.63182 0.40086 0.611723 0.3901 0.592621 0.38762 0.569515 0.38844 0.543374 0.40998
0 0.788641 0.71426 0.781942 0.69986 0.764466 0.66044 0.767039 0.65154 0.77733 0.64306 0.784005 0.63712 0.793277 0.63162 0.803544 0.63034 0.816408 0.63076 0.828252 0.63162 0.834417 0.6333 0.841626 0.63458 0.851383 0.64094 0.856529 0.64644 0.867864 0.65534 0.872985 0.66468 0.875049 0.67824 0.877621 0.69052 0.876092 0.70112 0.848301 0.72104 0.840073 0.72444 0.823107 0.72486 0.802524 0.72148 0.793277 0.7185
0 0.704296 0.65506 0.673883 0.6422 0.663762 0.61908 0.661408 0.60238 0.661408 0.5876 0.671553 0.5741 0.687136 0.57026 0.708204 0.56768 0.728471 0.56446 0.740947 0.56512 0.750291 0.57218 0.760437 0.58118 0.768228 0.5908 0.777597 0.61008 0.77915 0.62036 0.777597 0.63064 0.758883 0.64862 0.718325 0.65634 0.702743 0.6557
0 0.30818 0.54832 0.275437 0.5618 0.242718 0.57078 0.220898 0.5663 0.199078 0.54382 0.199078 0.49662 0.220898 0.4809 0.264539 0.46966 0.310898 0.47416 0.319078 0.5191
0 0.788155 0.59962 0.755437 0.5839 0.749976 0.55468 0.741796 0.52546 0.744515 0.5075 0.760874 0.49626 0.793617 0.49176 0.829053 0.49626 0.850874 0.51198 0.853617 0.5367 0.848155 0.56142 0.829053 0.58164 0.818155 0.59064 0.788155 0.59738
0 0.468447 0.535 0.488762 0.52002 0.547573 0.52442 0.56466 0.5438 0.576432 0.56142 0.57216 0.5667 0.544345 0.572 0.530461 0.59666 0.528325 0.61956 0.516553 0.62308 0.498374 0.61076 0.474854 0.609 0.451335 0.57816 0.458835 0.5394 0.473786 0.5306
0 0.741408 0.52162 0.720218 0.52478 0.697087 0.52056 0.679757 0.50944 0.664345 0.4835 0.674612 0.45968 0.684248 0.4491 0.7125 0.4438 0.731772 0.4438 0.74784 0.4491 0.763252 0.46444 0.770316 0.4761 0.772257 0.4888 0.769029 0.49514 0.76068 0.50414 0.749757 0.51208
