0 0.384953 0.57375 0.373 0.566229 0.365953 0.559667 0.367359 0.524958 0.374406 0.509 0.378625 0.504312 0.385656 0.5015 0.388469 0.5015 0.406766 0.5015 0.411 0.5015 0.420141 0.508062 0.420844 0.511813 0.434219 0.541833 0.393406 0.571875
0 0.501422 0.605187 0.481813 0.626312 0.480687 0.648938 0.486344 0.680604 0.498781 0.695688 0.529703 0.697708 0.540266 0.688146 0.550828 0.666542 0.551953 0.632333 0.544797 0.613729 0.525563 0.606188 0.513859 0.604187
0 0.655406 0.62325 0.649094 0.653417 0.661719 0.687063 0.6675 0.697583 0.696953 0.698292 0.719047 0.675854 0.72325 0.646396 0.718 0.616229 0.690641 0.600104 0.660656 0.609229
0 0.47775 0.751292 0.464562 0.771396 0.461922 0.792521 0.466062 0.821188 0.486047 0.844812 0.500375 0.847333 0.522625 0.844312 0.530172 0.831229 0.541859 0.799563 0.539219 0.763354 0.5215 0.742229 0.507547 0.740729 0.490953 0.742229 0.480016 0.748271
0 0.398703 0.689521 0.420188 0.701187 0.428141 0.718167 0.4345 0.743625 0.426547 0.766958 0.415406 0.782854 0.405859 0.790292 0.384391 0.791354 0.37325 0.784979 0.359719 0.758479 0.35575 0.733021 0.361313 0.712854 0.372453 0.694833 0.389953 0.688479
0 0.373156 0.509458 0.366938 0.496187 0.363203 0.476312 0.366312 0.456437 0.372531 0.443187 0.383094 0.437396 0.401719 0.434083 0.414766 0.444021 0.421594 0.455604 0.425953 0.466375 0.427187 0.480458 0.425953 0.494542 0.423469 0.502833 0.422844 0.505313 0.409172 0.501167 0.380609 0.501167
0 0.48225 0.422542 0.467828 0.404521 0.469625 0.398521 0.499359 0.402125 0.511984 0.412938 0.509281 0.422542
0 0.303859 0.602438 0.291328 0.588292 0.286031 0.575458 0.283141 0.562604 0.282656 0.549104 0.286031 0.536271 0.294703 0.525333 0.301453 0.520208 0.312531 0.516979 0.321688 0.515062 0.329406 0.515062 0.335188 0.517625 0.340484 0.522771 0.347234 0.530479 0.353016 0.549104 0.354453 0.558104 0.351562 0.570312 0.342891 0.576729 0.333734 0.587021 0.323141 0.590875 0.312047 0.594729
0 0.4435 0.602396 0.449484 0.571063 0.462297 0.558521 0.479812 0.549979 0.496906 0.555104 0.510578 0.572771 0.517422 0.602958 0.501609 0.605229 0.480672 0.624604 0.481094 0.647396 0.455047 0.632021 0.443937 0.604104
0 0.296531 0.527125 0.287734 0.509521 0.287734 0.500729 0.287734 0.488979 0.294328 0.478229 0.298734 0.466479 0.309 0.464521 0.322937 0.462583 0.333219 0.463562 0.34275 0.473333 0.348625 0.488979 0.350813 0.503646 0.349344 0.520292 0.341281 0.523229 0.333219 0.520292 0.309734 0.517354 0.301672 0.523229
