0 0.5084 0.681573 0.66488 0.817467 0.67722 0.8504 0.7606 0.80512 0.74516 0.777653 0.739 0.758453 0.72458 0.748827 0.72766 0.72688 0.71532 0.713147 0.70156 0.715733 0.69524 0.704693 0.69864 0.690427 0.69378 0.685227 0.67868 0.685227 0.6665 0.68976 0.6704 0.67288 0.6631 0.665093 0.65968 0.658613 0.66942 0.647573 0.66358 0.63264 0.6519 0.6268 0.63242 0.6268 0.62706 0.63848 0.62122 0.626133 0.60516 0.625493 0.59834 0.6164 0.5886 0.60992 0.5774 0.619653 0.5662 0.614453 0.55646 0.6216 0.55062 0.635893 0.54282 0.635893 0.53114 0.645627 0.53114 0.66056 0.53064 0.66576 0.5209 0.667707
0 0.50458 0.45472 0.4773 0.464427 0.45548 0.46928 0.43184 0.47048 0.42002 0.459573 0.41274 0.443813 0.39456 0.443813 0.38638 0.43168 0.36818 0.429253 0.3591 0.40744 0.34364 0.397733 0.32726 0.386827 0.3209 0.37592 0.31454 0.357733 0.31818 0.339547 0.33364 0.334693 0.34818 0.349253 0.36182 0.341973 0.37818 0.341973 0.3882 0.35168 0.40184 0.358933 0.41456 0.365013 0.41548 0.378347 0.41728 0.388053 0.43184 0.396533 0.44548 0.395307 0.46002 0.409867 0.4673 0.422 0.48366 0.417147 0.49912 0.4232 0.50094 0.432907 0.50186 0.443813
0 0.4634 0.76488 0.47012 0.760107 0.47592 0.763093 0.4822 0.769653 0.48622 0.769067 0.49292 0.758907 0.4992 0.75296 0.50814 0.75296 0.5144 0.756533 0.51932 0.748773 0.52424 0.7452 0.53588 0.744 0.53766 0.743413 0.54034 0.736267 0.54706 0.727307 0.5551 0.72552 0.56316 0.729093 0.56986 0.741627 0.57166 0.749973 0.573 0.75832 0.58016 0.758907 0.58598 0.764293 0.5891 0.773227 0.59044 0.7792 0.5909 0.79352 0.59044 0.79768 0.5985 0.79888 0.60432 0.801867 0.60744 0.809627 0.61236 0.81736 0.61236 0.819147 0.62132 0.823333 0.62936 0.829307 0.63474 0.83168 0.63786 0.835867 0.64458 0.833467 0.65532 0.836453 0.6647 0.843627 0.66694 0.850773 0.65352 0.860907 0.63026 0.877013 0.60164 0.895493 0.5824 0.903253 0.57122 0.909227 0.56808 0.908027 0.5645 0.88416 0.56048 0.87344 0.55376 0.863893 0.54214 0.853147 0.51484 0.829307 0.49158 0.80544 0.46922 0.781573 0.45714 0.770853 0.46698 0.764293
0 0.20898 0.519093 0.15674 0.530347 0.13988 0.532587 0.1382 0.512347 0.10956 0.460667 0.08932 0.4472 0.06574 0.42696 0.06236 0.40224 0.0573 0.368533 0.06574 0.341573 0.09606 0.334827 0.1146 0.341573 0.12978 0.370773 0.14494 0.395493 0.16516 0.417973 0.17696 0.444933 0.20056 0.469653 0.21404 0.50112
0 0.88476 0.62176 0.86878 0.617253 0.8649 0.613387 0.86298 0.6024 0.86394 0.59336 0.87266 0.586267 0.87894 0.584987 0.88476 0.594667 0.89056 0.599173 0.8896 0.61144
0 0.00318 0.265227 0.00922 0.290773 0.0168 0.308933 0.02688 0.314987 0.04202 0.336507 0.05008 0.343227 0.06118 0.341227 0.0748 0.327093 0.08086 0.317013 0.0859 0.310267 0.09548 0.2948 0.09952 0.282693 0.09296 0.263867 0.07832 0.25648 0.06976 0.2484 0.05916 0.228907 0.0516 0.208053 0.04352 0.19728 0.0294 0.19056 0.0062 0.181813 0.00166 0.186533 0.00266 0.255813
0 0.04478 0.545333 0.10128 0.536533 0.12694 0.52968 0.13576 0.516 0.12328 0.479813 0.1042 0.452427 0.0734 0.440667 0.05872 0.411333 0.04992 0.38688 0.04258 0.366347 0.02278 0.362427 0.0081 0.371227 0 0.389813 4e-05 0.453387 4e-05 0.51696 0.01104 0.527733 0.03452 0.534587 0.04038 0.55024
0 0.5309 0.447787 0.52448 0.42216 0.49116 0.396533 0.4745 0.387973 0.47194 0.376 0.48346 0.367467 0.49244 0.364053 0.49886 0.34696 0.51168 0.343547 0.52578 0.350373 0.53218 0.374293 0.53218 0.381147 0.54244 0.372587 0.55398 0.374293 0.56038 0.387973 0.55782 0.40848 0.55526 0.410187 0.55526 0.43072 0.54884 0.44096 0.53218 0.444373
0 0.74966 0.71624 0.75628 0.709067 0.75628 0.696133 0.75338 0.684 0.75008 0.680133 0.73994 0.67904 0.73478 0.68096 0.72982 0.688133 0.72878 0.698613 0.72982 0.706587 0.73292 0.713227 0.73582 0.715973 0.74264 0.716533
0 0.71348 0.571307 0.7118 0.581013 0.70788 0.584747 0.69614 0.58848 0.69334 0.592187 0.68214 0.599653 0.676 0.60936 0.67824 0.616053 0.83152 0.724213 0.836 0.73616 0.8399 0.746587 0.88298 0.721227 0.87682 0.710053 0.87068 0.70632 0.86788 0.698107 0.87292 0.68992 0.87292 0.677227 0.86732 0.66456 0.8578 0.66456 0.84718 0.670507 0.84158 0.675733 0.84102 0.666053 0.83878 0.65784 0.83096 0.652613 0.8276 0.648133 0.8276 0.638453 0.82424 0.631733 0.81082 0.61904 0.80522 0.61904 0.80242 0.616053 0.79348 0.606373 0.79012 0.601893 0.78508 0.590693 0.78396 0.5892 0.77446 0.584747 0.76718 0.584747 0.76494 0.581013 0.756 0.572053 0.75208 0.572053 0.74536 0.578773 0.7392 0.581013 0.7353 0.57504 0.73026 0.569813 0.72186 0.56608 0.71684 0.567573
0 0.83436 0.593253 0.8311 0.592293 0.82768 0.58928 0.82626 0.5832 0.82682 0.576187 0.82968 0.565947 0.83522 0.563867 0.8473 0.565573 0.85014 0.57144 0.85058 0.576373 0.84688 0.58016 0.84546 0.584533 0.84474 0.592507 0.84446 0.59648 0.83976 0.597227 0.8355 0.597227 0.8338 0.596107
