0 0.417516 0.485907 0.422 0.446005 0.422 0.41549 0.416016 0.387328 0.389078 0.349755 0.365141 0.328627 0.306781 0.333333 0.281344 0.361495 0.275359 0.40375 0.272359 0.42723 0.275359 0.467132 0.285828 0.525833 0.300797 0.546936 0.31725 0.549289 0.335219 0.551642 0.347187 0.549289 0.381609 0.556348 0.398062 0.549289 0.414531 0.521127 0.4235 0.48826
0 0.396828 0.977525 0.352422 0.937083 0.338094 0.871912 0.336656 0.777525 0.363875 0.734828 0.406859 0.703382 0.464156 0.707868 0.492812 0.730343 0.507141 0.759559 0.512859 0.815735 0.504266 0.921348 0.477047 0.968529 0.454125 0.979779
0 0.504516 0.533211 0.522172 0.488652 0.554422 0.458554 0.612 0.452525 0.647312 0.48625 0.664203 0.545245 0.659594 0.603064 0.645781 0.654828 0.627359 0.692181 0.5905 0.704216 0.550578 0.704216 0.509891 0.658456 0.500687 0.575368 0.500687 0.542843
0 0.515062 0.715049 0.560906 0.703799 0.615344 0.706054 0.658312 0.73527 0.665484 0.793701 0.656891 0.876838 0.616766 0.951005 0.572359 0.957745 0.5165 0.917279 0.500734 0.852132 0.507891 0.74201 0.510766 0.726275
0 0.312656 0.561397 0.335031 0.584779 0.350609 0.617745 0.362812 0.650686 0.359422 0.732549 0.339094 0.771863 0.316734 0.789951 0.29775 0.798456 0.260484 0.793137 0.233375 0.77826 0.210344 0.755931 0.1995 0.735735 0.192719 0.697451 0.196781 0.640049 0.204922 0.60924 0.221859 0.581593 0.245578 0.559265 0.264547 0.549706 0.307922 0.552892
0 0.803687 0.58652 0.769297 0.6 0.734922 0.588775 0.709125 0.559559 0.691937 0.487647 0.689078 0.429216 0.694797 0.391005 0.744938 0.359559 0.777891 0.346078 0.820875 0.366299 0.849516 0.408995 0.860984 0.489877 0.836625 0.570784
0 0.699094 0.729951 0.677609 0.772647 0.670453 0.819853 0.664719 0.876029 0.676187 0.925466 0.694797 0.959167 0.710562 0.974902 0.732047 0.983897 0.777891 0.988382 0.812281 0.963676 0.833766 0.9075 0.832328 0.840074 0.823734 0.777157 0.799375 0.729951 0.772156 0.70973 0.724891 0.70299 0.693375 0.70973 0.689078 0.723211
0 0.652359 0.214755 0.616641 0.221765 0.594313 0.221765 0.559719 0.213015 0.55525 0.19902 0.554125 0.19902 0.544078 0.172745 0.535156 0.109706 0.535156 0.0554412 0.539625 0.0256618 0.560828 0.0151716 0.577578 0.00639706 0.616641 0.00465686 0.6345 0.00816176 0.662406 0.0361765 0.662406 0.0379167 0.671328 0.0589216 0.676922 0.079951 0.680266 0.13598 0.673562 0.179755 0.659062 0.20951
0 0.418047 0.138799 0.435094 0.180417 0.438891 0.245784 0.440781 0.259167 0.460672 0.271054 0.493828 0.256176 0.535516 0.27402 0.546875 0.24875 0.552562 0.19674 0.537406 0.140294 0.531719 0.113529 0.496672 0.0808578 0.454984 0.0927451 0.427516 0.112059
0 0.6615 0.522574 0.626703 0.463922 0.584953 0.448897 0.551906 0.431176 0.551047 0.390245 0.571047 0.334314 0.593656 0.302941 0.633656 0.294755 0.693672 0.346593 0.709328 0.380686 0.697156 0.394338 0.687594 0.462549 0.678891 0.499387 0.669328 0.519853
0 0.420547 0.1125 0.410547 0.11076 0.393875 0.0950735 0.381656 0.0793873 0.374984 0.0532353 0.369422 0.000955882 0.486109 0.00617647 0.490547 0.0183824 0.489438 0.0462745 0.479437 0.0654412 0.470547 0.0759069 0.448328 0.0898529
