0 0.0554375 0.0350469 0.0540156 0.0455399 0.0600469 0.0481455 0.065125 0.0555399 0.0736875 0.0421831 0.0714687 0.0305164 0.0652812 0.0271831 0.05925 0.0307512
0 0.0988906 0.084108 0.101094 0.0692019 0.109906 0.0584507 0.119281 0.0576056 0.121484 0.0650704 0.125344 0.0799765 0.122031 0.0907512 0.117078 0.094061 0.113219 0.094061 0.107156 0.0932394
0 0.0749531 0.112535 0.0646094 0.107653 0.0548594 0.0952113 0.0666875 0.0823474 0.0746563 0.0766901 0.0832187 0.0855634 0.0873594 0.0984272 0.0832187 0.104202 0.0799688 0.108638 0.0790937 0.109531
0 0.0803594 0.0818075 0.0797344 0.0716432 0.0855937 0.0693192 0.0914375 0.0697887 0.0966719 0.0771831 0.0982187 0.0850469 0.091125 0.0943192 0.0902031 0.0975587 0.0840469 0.0855164 0.0822031 0.0813615
0 0.0902656 0.100141 0.0901875 0.09723 0.0938125 0.0923005 0.0988594 0.090493 0.105641 0.0916901 0.107969 0.0937559 0.111828 0.0944131 0.113312 0.0964085 0.113469 0.0984977 0.109937 0.101573 0.107688 0.10338 0.100875 0.102981 0.0943281 0.108521 0.0934375 0.108991 0.0924375 0.108216 0.0913906 0.101831 0.0904375 0.0983803
0 0.0668438 0.113169 0.0587812 0.109671 0.0535937 0.113944 0.0499687 0.129554 0.0525625 0.134225 0.0580156 0.133075 0.0637188 0.130329 0.0665781 0.127606 0.0686563 0.125657
0 0.040875 0.162864 0.0374844 0.141714 0.0413906 0.126056 0.0445156 0.123685 0.0492187 0.122136 0.0526094 0.133099 0.0554687 0.140141 0.0549531 0.151901 0.0523438 0.162488 0.0442656 0.163263
0 0.345984 0.143685 0.340328 0.138146 0.330406 0.126667 0.333797 0.111761 0.338625 0.106643 0.345703 0.104085 0.355063 0.106221 0.357891 0.108357 0.361297 0.103239 0.366391 0.0964319 0.368094 0.0955869 0.373766 0.097277 0.378578 0.100681 0.381406 0.102817 0.384531 0.109624 0.387359 0.116854 0.391906 0.122817 0.395297 0.124108 0.405219 0.129202 0.409469 0.134742 0.408344 0.140282 0.403234 0.140282 0.394172 0.142418 0.385375 0.147512 0.379437 0.156455 0.375172 0.167113 0.372625 0.164977 0.365266 0.16115 0.360156 0.161573 0.359031 0.153897 0.353922 0.146667
0 0.168203 0.0805164 0.163344 0.0811737 0.157828 0.0798592 0.156281 0.0781925 0.156062 0.0688967 0.158938 0.0606103 0.160703 0.0556338 0.165109 0.0549765 0.170859 0.0566197 0.173516 0.0599531 0.177922 0.0665728 0.17925 0.0752113 0.177922 0.0771831
0 0.053125 0.046784 0.0456094 0.0550235 0.0445938 0.0620423 0.0462187 0.0705869 0.0480469 0.0733333 0.0551562 0.076385 0.0586094 0.0715023 0.0640938 0.06723 0.0655156 0.0638732 0.0657188 0.0556338 0.0620625 0.050446 0.0598281 0.0473944
0 0.0696563 0.064108 0.0720313 0.0534038 0.0762344 0.0488028 0.0804219 0.0464789 0.0867187 0.0492019 0.0896406 0.05277 0.0900625 0.0580282 0.0886719 0.0687324 0.0819531 0.0702113 0.0794531 0.0725117 0.07875 0.0760798 0.0688281 0.0649531
0 0.0328281 0.116315 0.0306406 0.112113 0.0294531 0.108545 0.0294531 0.101362 0.0306406 0.0989671 0.0334219 0.0962911 0.0358125 0.0950939 0.0393906 0.0942019 0.0429688 0.0950939 0.0447656 0.0992723 0.0449688 0.101972 0.0437656 0.104648 0.0397969 0.106737 0.0376094 0.109131 0.0354219 0.11392
0 0.116125 0.0457746 0.112187 0.0349531 0.104656 0.0319953 0.0994063 0.0329812 0.0967969 0.0379108 0.0961406 0.0443192 0.0961406 0.0541549 0.104328 0.0516901 0.107594 0.0571127 0.11775 0.0457746
