0 0.695797 0.700749 0.708344 0.73178 0.721516 0.741194 0.732812 0.744941 0.739094 0.709204 0.756031 0.685714 0.779875 0.682881 0.770469 0.650913 0.739094 0.616112 0.701438 0.62363 0.693922 0.65185 0.688266 0.692295
0 0.731047 0.752623 0.743797 0.788103 0.762 0.814028 0.780203 0.820843 0.811156 0.789461 0.818437 0.74171 0.823891 0.719883 0.808422 0.689859 0.786578 0.677588 0.768375 0.680328 0.742891 0.704871 0.735609 0.733536
0 0.584297 0.698946 0.603641 0.660281 0.626219 0.652225 0.658469 0.645785 0.673516 0.644169 0.692859 0.629672 0.713281 0.586159 0.732641 0.573279 0.744469 0.573279 0.763813 0.578103 0.787453 0.578103 0.802516 0.591007 0.813266 0.615176 0.822937 0.595831 0.837984 0.586159 0.847656 0.582951 0.871312 0.5926 0.882062 0.603888 0.890656 0.616768 0.890656 0.640937 0.894953 0.665105 0.919687 0.669953 0.940109 0.689274 0.947625 0.71829 0.951937 0.765012 0.941188 0.781124 0.928281 0.779508 0.915375 0.773068 0.902484 0.779508 0.892813 0.803677 0.883125 0.798852 0.871312 0.78274 0.857328 0.792389 0.855188 0.774684 0.835828 0.784333 0.832609 0.784333 0.825078 0.75534 0.814328 0.76178 0.758437 0.816557 0.697156 0.814965 0.656313 0.806909 0.618687 0.784333 0.603641 0.765012 0.588594 0.740843 0.586437 0.724731
0 0.557172 0.687775 0.537266 0.696557 0.481063 0.701827 0.447109 0.686019 0.429547 0.647424 0.434234 0.612319 0.455312 0.608806 0.455312 0.591265 0.458828 0.582482 0.471703 0.561429 0.482234 0.554403 0.496297 0.556159 0.512687 0.557916 0.522047 0.594778 0.537266 0.622857 0.541953 0.603536 0.560688 0.5737 0.577078 0.575457 0.6005 0.575457 0.605172 0.566698 0.62625 0.566698 0.644984 0.570211 0.667234 0.570211 0.680109 0.584239 0.688312 0.617588 0.681281 0.633372 0.680109 0.635129 0.647328 0.638642 0.627422 0.657939 0.594641 0.675504 0.588781 0.686019 0.570047 0.686019 0.541953 0.687775
0 0.205047 0.314707 0.21225 0.332717 0.248281 0.330913 0.291516 0.356112 0.299922 0.379532 0.310734 0.317424 0.306531 0.294918 0.285516 0.270609 0.250078 0.258923 0.21825 0.280515 0.205641 0.300328
0 0.292047 0.12274 0.264672 0.116089 0.232484 0.126862 0.224625 0.146347 0.219828 0.175597 0.220172 0.213044 0.223937 0.2274 0.247203 0.214567 0.27425 0.217658 0.294094 0.230492 0.308141 0.242787 0.316344 0.251522 0.32525 0.198665 0.321141 0.16534 0.308141 0.140187
0 0.202844 0.299672 0.210812 0.253443 0.22375 0.22733 0.248625 0.213162 0.2775 0.218384 0.299891 0.232553 0.318297 0.260141 0.313328 0.287752 0.312828 0.319813 0.306859 0.293724 0.284453 0.270585 0.249125 0.260141 0.218766 0.283279
0 0.165109 0.441499 0.208469 0.335293 0.2275 0.335293 0.245484 0.335293 0.298359 0.367002 0.300469 0.384426 0.298359 0.424075 0.216922 0.439906 0.176734 0.449415
0 0.151359 0.273138 0.128406 0.273138 0.113656 0.284192 0.0956094 0.303864 0.0890625 0.308759 0.0374063 0.308759 0.0341406 0.276815 0.0349531 0.25103 0.0447969 0.225222 0.0702031 0.189578 0.0833125 0.180984 0.102172 0.177307 0.136594 0.203115 0.148891 0.225222 0.154641 0.25103
0 0.279156 0.0580562 0.28925 0.0791335 0.292766 0.107447 0.292328 0.122576 0.279594 0.112037 0.265094 0.112717 0.244016 0.122576 0.229953 0.137073 0.224234 0.149578 0.219844 0.177237 0.207109 0.166042 0.193047 0.137073 0.191297 0.11007 0.192609 0.0876815 0.201391 0.0639813 0.218094 0.0455504 0.231266 0.0356674 0.254547 0.0350117 0.269922 0.0475176
0 0.176766 0.16363 0.150766 0.181827 0.103984 0.1974 0.07625 0.184426 0.0623906 0.158431 0.0589219 0.116885 0.0710469 0.0909133 0.100516 0.0727166 0.140375 0.0649415 0.155969 0.067541 0.164625 0.0779157 0.180234 0.116885 0.185422 0.150656
0 0.0923594 0.313279 0.100609 0.278407 0.129875 0.260422 0.155391 0.260422 0.177156 0.271663 0.192922 0.286276 0.201922 0.303162 0.204922 0.32452 0.206422 0.352646 0.197422 0.380773 0.175656 0.407752 0.166656 0.431382 0.155391 0.443747 0.147141 0.412248 0.137391 0.369508 0.124625 0.347026 0.105109 0.326768 0.0968594 0.313279
0 0.0367344 0.306838 0.013125 0.340117 0.013125 0.354684 0.0200625 0.422295 0.0152031 0.457681 0.0880937 0.463911 0.142234 0.453513 0.153344 0.438946 0.131828 0.355714 0.0901719 0.305785 0.0374219 0.305785
