0 0.51072 0.182479 0.51072 0.141625 0.4969 0.117135 0.46032 0.106253 0.44452 0.128017 0.43562 0.159339 0.4376 0.175675 0.44846 0.162066 0.45144 0.177025 0.44056 0.186556 0.44946 0.200165 0.47218 0.215152 0.48206 0.212424
0 0.42802 0.1973 0.43968 0.196584 0.45932 0.207548 0.4726 0.223636 0.47632 0.242645 0.4779 0.260909 0.47366 0.281377 0.46198 0.296749 0.44128 0.286501 0.42802 0.280661 0.41952 0.276997 0.41846 0.244105 0.42376 0.239725 0.42642 0.23314 0.42696 0.229477 0.42376 0.226556 0.42112 0.217052 0.42696 0.211212 0.42696 0.205344
0 0.53996 0.187686 0.54202 0.151791 0.55734 0.12843 0.58338 0.125014 0.602 0.143251 0.60902 0.179118 0.60406 0.199642 0.5838 0.210468 0.5627 0.210468 0.54492 0.195069
0 0.6604 0.209807 0.64358 0.233636 0.64124 0.25168 0.64404 0.27551 0.65058 0.294821 0.65854 0.299311 0.6735 0.300606 0.68986 0.281295 0.70996 0.276143 0.72024 0.279366 0.70668 0.216915 0.69734 0.222066 0.67864 0.214959 0.66788 0.212397
0 0.60228 0.201157 0.61776 0.206501 0.62936 0.224242 0.63516 0.247328 0.62388 0.280165 0.61196 0.28595 0.59778 0.287273 0.59424 0.262865 0.5852 0.24022 0.56652 0.227796 0.5678 0.213609 0.57328 0.210055 0.59326 0.205152
0 0.6311 0.142975 0.61466 0.157548 0.60992 0.18168 0.6092 0.196777 0.60882 0.203802 0.61796 0.209339 0.63036 0.227438 0.63512 0.24405 0.64424 0.237493 0.65482 0.221901 0.66212 0.208347 0.64898 0.192755 0.64388 0.154022 0.6446 0.140964
0 0.52042 0.257548 0.53784 0.238953 0.54956 0.229642 0.55454 0.218871 0.54814 0.19832 0.53642 0.187548 0.52326 0.181653 0.5158 0.180689 0.5101 0.184105 0.49304 0.19146 0.48096 0.212011 0.47812 0.223278 0.47598 0.233058 0.4799 0.257052 0.4831 0.272727 0.48914 0.279091 0.49732 0.280551 0.50548 0.281047 0.51472 0.276143 0.51864 0.271267 0.52254 0.257548
0 0.52004 0.30708 0.51302 0.284077 0.51788 0.252176 0.52704 0.232865 0.53996 0.224711 0.56528 0.223967 0.58306 0.234353 0.59546 0.267741 0.59868 0.297438 0.59384 0.304105 0.52488 0.306336
0 0.48228 0.37438 0.46756 0.363939 0.46334 0.337851 0.46882 0.304821 0.47638 0.285702 0.48564 0.280468 0.49364 0.27989 0.50712 0.281047 0.51384 0.27989 0.51384 0.285702 0.51932 0.303085 0.48018 0.308292 0.4806 0.348292
0 0.42988 0.284848 0.44204 0.285427 0.4538 0.299311 0.4601 0.317218 0.46052 0.336887 0.45758 0.35135 0.45086 0.361736 0.44162 0.373884 0.4391 0.365785
0 0.44044 0.376722 0.4457 0.37146 0.45764 0.368815 0.46626 0.368815 0.47294 0.37146 0.48012 0.376722 0.48586 0.383967 0.49016 0.461653 0.48394 0.466915 0.4825 0.469559 0.47676 0.472837 0.46578 0.476143 0.46482 0.476143 0.4586 0.476143 0.4524 0.47416
