0 0.378969 0.397458 0.385547 0.355479 0.395797 0.357437 0.402391 0.360375 0.411906 0.359396 0.417766 0.363292 0.420687 0.366229 0.421422 0.373062 0.427281 0.372083 0.433125 0.375 0.432406 0.380854 0.436797 0.380854 0.442641 0.372083 0.447031 0.369146 0.454359 0.370125 0.458016 0.375 0.458016 0.374042 0.464609 0.36525 0.476312 0.366229 0.477047 0.370125 0.451438 0.559458 0.441188 0.610208 0.430203 0.716583 0.332125 0.707812 0.366516 0.467729 0.381891 0.383792
0 0.591406 0.373437 0.603359 0.367792 0.628 0.358417 0.663188 0.356542 0.671625 0.368729 0.654031 0.602375 0.63925 0.60425 0.602656 0.6005 0.587172 0.608938 0.591406 0.620208 0.596328 0.627708 0.590703 0.630521 0.585063 0.647417 0.58225 0.663375 0.586469 0.719667 0.580141 0.724354 0.578734 0.735604 0.542141 0.724354 0.573813 0.465375
0 0.870562 0.373917 0.8495 0.384458 0.829766 0.368667 0.807391 0.382688 0.77975 0.693312 0.792906 0.688042 0.816609 0.696813 0.829766 0.707354 0.852141 0.702083 0.867938 0.695063 0.879781 0.67225 0.881094 0.623104 0.89425 0.603812 0.912687 0.387958 0.895578 0.380937
0 0.168031 0.308104 0.253094 0.318917 0.233516 0.477333 0.217313 0.579937 0.203141 0.696937 0.107953 0.687042 0.137656 0.480917 0.153859 0.390917
0 0.003375 0.334458 0.0438125 0.329958 0.0050625 0.644562 0.00682812 0.386563 0.00682812 0.386563
0 0.448344 0.209062 0.430797 0.345125 0.469859 0.345125 0.486609 0.213312 0.486609 0.211188
0 0.493281 0.358167 0.501672 0.362625 0.508391 0.364875 0.51175 0.364875 0.518453 0.364875 0.520141 0.364875 0.521813 0.362625 0.530203 0.362625 0.540266 0.362625 0.557047 0.362625 0.572141 0.360396 0.5755 0.369333 0.531875 0.727292 0.521813 0.725042 0.441281 0.718333 0.436234 0.718333 0.486578 0.362625
0 0.885734 0.223187 0.891062 0.224521 0.895391 0.222292 0.897719 0.224958 0.901391 0.224958 0.903719 0.226292 0.907375 0.226292 0.910375 0.226729 0.914031 0.224958 0.917703 0.225396 0.921031 0.223625 0.926359 0.225396 0.925359 0.235604 0.924359 0.238729 0.924687 0.242708 0.923359 0.248479 0.922359 0.269354 0.921359 0.274229 0.919359 0.279104 0.919359 0.287104 0.918703 0.295979 0.918703 0.303958 0.917703 0.307958 0.917703 0.3155 0.917031 0.319937 0.916359 0.326167 0.915703 0.329271 0.915703 0.334583 0.914031 0.338583 0.915375 0.342583 0.914031 0.346125 0.907719 0.347021 0.902719 0.347458 0.899391 0.345688 0.894063 0.344792 0.88475 0.34525 0.881078 0.347021 0.877094 0.34525 0.872094 0.346125 0.872422 0.33725 0.873094 0.325271 0.875094 0.317729 0.875422 0.308854 0.87675 0.302187 0.877422 0.295542 0.87875 0.290646 0.879078 0.282208 0.880422 0.278667 0.880422 0.271125 0.881078 0.267125 0.88075 0.260917 0.88075 0.257354 0.88075 0.250708 0.881406 0.247146 0.882078 0.242708 0.88375 0.238729 0.88375 0.234729 0.884406 0.230729
0 0.614297 0.220917 0.61325 0.245896 0.654203 0.245896 0.654547 0.220458
0 0.528969 0.245542 0.532078 0.214062 0.569047 0.213479 0.565922 0.245542
