0 0.439253 0.61858 0.44464 0.60968 0.460827 0.60348 0.482373 0.60592 0.49208 0.6113 0.49064 0.61884 0.489547 0.6245 0.481307 0.62936 0.462613 0.63044 0.441413 0.61912
0 0.67048 0.61234 0.644 0.61896 0.62632 0.61896 0.590987 0.60984 0.56448 0.59908 0.562267 0.59576 0.57552 0.58832 0.59872 0.5908 0.619707 0.58914 0.634053 0.58914 0.65392 0.58914 0.668293 0.59246 0.676027 0.6057
0 0.511147 0.57302 0.519813 0.56714 0.531573 0.5663 0.543893 0.57134 0.546987 0.57828 0.546693 0.57954 0.537733 0.57996 0.523733 0.58016 0.520107 0.58184 0.516187 0.57912 0.511707 0.57344
0 0.579093 0.57832 0.57952 0.57498 0.58072 0.56918 0.583573 0.56276 0.58968 0.55972 0.59864 0.5594 0.60352 0.55972 0.61248 0.5591 0.619387 0.55972 0.62672 0.56216 0.6312 0.56552 0.63568 0.57314 0.635307 0.58052 0.627947 0.58536 0.62672 0.58596 0.615733 0.58444 0.6044 0.58412 0.594987 0.58108 0.58888 0.5817 0.583173 0.57986
0 0.53768 0.54526 0.559947 0.54526 0.56392 0.54392 0.562827 0.53502 0.568587 0.52856 0.574693 0.5237 0.57504 0.52344 0.557813 0.52236 0.541627 0.5264 0.53696 0.53098 0.534453 0.5361 0.53408 0.53988
0 0.58464 0.4233 0.5856 0.43208 0.58464 0.4372 0.593413 0.43792 0.597307 0.43792 0.600213 0.43792 0.60608 0.44378 0.615813 0.45182 0.624587 0.45108 0.634347 0.4562 0.64408 0.45182 0.640187 0.44158 0.626533 0.43354 0.623627 0.43282 0.61192 0.4233 0.605093 0.41672 0.59536 0.41454 0.5856 0.41892
0 0.378213 0.57794 0.38696 0.57114 0.400693 0.56874 0.41176 0.57662 0.414107 0.57422 0.40944 0.56152 0.400987 0.55516 0.38464 0.55626 0.376747 0.56042 0.369467 0.56808 0.371787 0.57706 0.373547 0.581 0.37704 0.57858
0 0.31376 0.61926 0.339653 0.61788 0.362747 0.61406 0.374773 0.60782 0.38032 0.60712 0.391867 0.604 0.395573 0.5995 0.390933 0.5936 0.384 0.59222 0.376613 0.59188 0.364613 0.59638 0.364133 0.59672 0.355813 0.59604 0.341947 0.59396 0.333173 0.59048 0.31376 0.5898 0.309147 0.59672 0.304533 0.60262 0.299893 0.61302 0.300827 0.61752 0.307307 0.61788 0.31608 0.61892
0 0.6852 0.53122 0.6684 0.53432 0.665547 0.53146 0.666507 0.5279 0.675387 0.52194 0.67792 0.521 0.6852 0.521 0.692187 0.52218 0.696293 0.5241 0.699787 0.5279 0.701707 0.53122 0.701067 0.53218 0.696613 0.53218
0 0.47408 0.57524 0.481067 0.56526 0.490587 0.5643 0.504533 0.56334 0.512453 0.57072 0.513093 0.58048 0.496293 0.58238 0.481387 0.5819 0.472507 0.58118 0.47472 0.575
0 0.58896 0.5352 0.59752 0.52784 0.603547 0.5264 0.609573 0.52878 0.61464 0.53378 0.615893 0.53996 0.611787 0.54258 0.603227 0.54354 0.591493 0.54402 0.58832 0.53712
0 0.53112 0.42614 0.523413 0.42722 0.521973 0.42254 0.521013 0.41786 0.521973 0.4128 0.524373 0.41028 0.52872 0.40812 0.53496 0.4092 0.54024 0.40992 0.53832 0.41534 0.53736 0.42362 0.5388 0.42506
0 0.490613 0.61982 0.50488 0.60966 0.518427 0.6102 0.526987 0.60324 0.525547 0.59736 0.512 0.5947 0.499867 0.59844 0.492027 0.5995 0.47848 0.59094 0.449253 0.5872 0.439253 0.59576 0.434987 0.60592 0.439253 0.61288 0.452827 0.60378 0.47136 0.60486 0.492027 0.60966
