0 0.0145501 0.231141 0.0511054 0.228297 0.0604884 0.230578 0.0951671 0.224875 0.120463 0.226016 0.149512 0.223172 0.163573 0.228297 0.151388 0.242547 0.151388 0.259625 0.161697 0.266469 0.180437 0.279562 0.18982 0.290953 0.167326 0.310891 0.145758 0.317156 0.11108 0.318297 0.0370437 0.317156 0.00611825 0.312031 0 0.308047 0.00143959 0.236281
0 0.270026 0.211219 0.247095 0.22825 0.272571 0.246844 0.259846 0.257687 0.280231 0.270078 0.318458 0.265437 0.310797 0.240641 0.300617 0.236 0.300617 0.218953
0 0.457712 0.2695 0.423548 0.268406 0.412776 0.261297 0.41455 0.246 0.423548 0.237797 0.444242 0.230156 0.468509 0.229063 0.478406 0.237797 0.48018 0.252562 0.467609 0.265672
0 0.199434 0.206047 0.215064 0.203266 0.229306 0.206547 0.237121 0.212266 0.248972 0.219297 0.249512 0.227641 0.244396 0.232719 0.215578 0.239266 0.212622 0.235016 0.199717 0.237797 0.191362 0.235828 0.18437 0.228297 0.183573 0.220609 0.192185 0.208188 0.197301 0.205891
0 0.199692 0.242797 0.21108 0.235188 0.236684 0.230687 0.252596 0.237266 0.256581 0.248328 0.256581 0.254891 0.23838 0.258359 0.219614 0.258359 0.199692 0.256969 0.192879 0.246594
0 0.322699 0.261703 0.315347 0.251625 0.306607 0.245484 0.31581 0.239609 0.332828 0.239609 0.337892 0.242406 0.338817 0.247156 0.338355 0.254422 0.335578 0.259188 0.335578 0.261141
0 0.38473 0.281953 0.358201 0.271641 0.352879 0.254859 0.355013 0.241953 0.366684 0.230328 0.379434 0.228391 0.399589 0.231625 0.416581 0.239375 0.418715 0.246469 0.412339 0.257437 0.418715 0.267766 0.418715 0.273578 0.398535 0.278094
0 0.303316 0.238031 0.301774 0.218375 0.321799 0.217438 0.341825 0.219313 0.341825 0.233344 0.334113 0.241781
0 0.399254 0.240328 0.381877 0.22775 0.389332 0.223219 0.392648 0.219703 0.396761 0.217188 0.407532 0.216688 0.427378 0.218203 0.44144 0.221219 0.443933 0.221719 0.438149 0.229766 0.429871 0.231266 0.414961 0.235797
0 0.357969 0.237594 0.345656 0.237766 0.34108 0.243156 0.337918 0.249594 0.336504 0.257781 0.339923 0.267344 0.346221 0.271344 0.354242 0.273781 0.358535 0.272734 0.358817 0.270484 0.353085 0.254125 0.353085 0.24925 0.357095 0.241078 0.358252 0.237766
