0 0.123891 0.592458 0.1285 0.587771 0.134641 0.58425 0.149359 0.58425 0.155719 0.588938 0.159672 0.607667 0.159234 0.619083 0.154188 0.631979 0.146281 0.636667 0.134641 0.634896 0.126297 0.630812 0.123234 0.621729 0.122562 0.611479 0.121906 0.600938
0 0.158828 0.621625 0.165641 0.615833 0.176797 0.615833 0.185484 0.627396 0.186719 0.638146 0.187953 0.653021 0.183 0.667896 0.172469 0.673687 0.153875 0.662937 0.149531 0.656333 0.142719 0.638146 0.149531 0.633188 0.159453 0.624104
0 0.186375 0.626188 0.187828 0.637813 0.189281 0.649438 0.189281 0.659104 0.194125 0.659104 0.198484 0.660396 0.202344 0.660396 0.209125 0.662333 0.212031 0.661042 0.213 0.658458 0.214938 0.655229 0.216391 0.653292 0.217844 0.649438 0.219297 0.646854 0.221703 0.642333 0.222187 0.638458 0.223156 0.632646 0.219297 0.622333 0.218328 0.61975 0.216875 0.619104 0.213 0.615229 0.210094 0.613938 0.206703 0.613292 0.203797 0.613292 0.200406 0.613292 0.196547 0.614583 0.192188 0.615875 0.187828 0.61975 0.187344 0.620396 0.186375 0.622979 0.186375 0.625562
0 0.171344 0.612187 0.171344 0.602 0.180156 0.593771 0.18575 0.590625 0.190156 0.589458 0.194562 0.589458 0.198094 0.592583 0.200141 0.595729 0.205437 0.610229 0.203375 0.611396 0.190156 0.614917 0.186047 0.624708 0.180453 0.620021 0.171641 0.616104
0 0.185828 0.562708 0.1875 0.555167 0.1885 0.554292 0.190828 0.551625 0.191828 0.551167 0.194484 0.551167 0.201469 0.548958 0.202813 0.548958 0.204141 0.548958 0.212125 0.565375 0.214453 0.575146 0.209797 0.587125 0.207469 0.588896 0.201813 0.592 0.200141 0.589792 0.197813 0.587562 0.192484 0.584917 0.1885 0.581792 0.1875 0.574708 0.183828 0.5645
0 0.247297 0.621271 0.255297 0.646833 0.288047 0.642583 0.288047 0.610625 0.280859 0.598896 0.256891 0.597833 0.248891 0.605292
0 0.170219 0.759542 0.146625 0.761792 0.136516 0.750562 0.129781 0.723604 0.148313 0.710104 0.170219 0.712354 0.183703 0.737083
0 0.233141 0.587146 0.233719 0.582833 0.23725 0.57775 0.245484 0.571083 0.253125 0.569917 0.256937 0.575 0.261344 0.5805 0.261937 0.588708 0.261937 0.591854 0.261641 0.595375 0.261937 0.598125 0.260172 0.599292 0.254875 0.600479 0.251359 0.602813 0.248422 0.605167 0.248125 0.608708 0.248125 0.610271 0.247531 0.611042 0.244297 0.611833 0.242828 0.611042 0.24225 0.610667 0.240484 0.609479 0.236953 0.605167 0.236078 0.602438 0.236078 0.599688 0.236078 0.598896 0.236078 0.594979 0.233719 0.591062 0.233438 0.590687 0.23225 0.588333 0.233141 0.587542
0 0.212094 0.667229 0.212094 0.681312 0.213953 0.699542 0.224516 0.702854 0.232594 0.702021 0.239422 0.694562 0.244391 0.685458 0.245641 0.673042 0.243156 0.659792 0.234453 0.653146 0.226375 0.649021 0.219547 0.649833 0.213328 0.661438
0 0.180734 0.668438 0.175266 0.673292 0.175469 0.681646 0.177297 0.694583 0.174672 0.701583 0.181734 0.707771 0.190234 0.704271 0.196297 0.706708 0.201547 0.706708 0.210234 0.702667 0.213875 0.699417 0.215891 0.689729 0.216297 0.680292 0.212656 0.668708 0.209422 0.663312 0.205391 0.659812 0.197094 0.657396 0.192047 0.657396 0.186188 0.660083
0 0.240344 0.653167 0.250031 0.643771 0.257078 0.642604 0.271188 0.648479 0.275594 0.662958 0.274719 0.680604 0.266188 0.690396 0.254734 0.691562 0.246219 0.689208 0.24475 0.681771 0.245922 0.670813 0.243562 0.660625 0.241812 0.657083
0 0.175156 0.735854 0.173484 0.723958 0.176828 0.713542 0.186312 0.706833 0.2025 0.709812 0.208078 0.726187 0.204734 0.741062 0.193016 0.751479 0.179062 0.750729 0.176266 0.739583
0 0.115187 0.639021 0.125531 0.631792 0.140797 0.634417 0.14425 0.639667 0.150641 0.6515 0.158531 0.661333 0.170344 0.671854 0.176266 0.684979 0.176266 0.696813 0.176266 0.707313 0.178234 0.71125 0.173797 0.718479 0.166906 0.714542 0.154094 0.712562 0.138328 0.723729 0.135875 0.745396 0.128984 0.753292 0.127 0.742771 0.123562 0.713875 0.123562 0.707313 0.125031 0.691542 0.119125 0.667917 0.119125 0.650187
