0 0.309406 0.616271 0.317531 0.610708 0.323688 0.610708 0.334656 0.612479 0.344984 0.620083 0.351781 0.630333 0.351562 0.649062 0.343 0.661646 0.329172 0.664 0.319516 0.661646 0.303266 0.656083 0.301516 0.639708 0.303703 0.632083 0.306344 0.620667
0 0.492141 0.463375 0.500844 0.461229 0.51 0.461229 0.517109 0.469479 0.519156 0.475896 0.519156 0.481375 0.517328 0.487187 0.515953 0.489625 0.511375 0.489021 0.493984 0.490854 0.487797 0.495417 0.483219 0.489312 0.484359 0.475271 0.489625 0.46825
0 0.316922 0.567667 0.309047 0.568208 0.299141 0.577375 0.298547 0.594083 0.301969 0.608083 0.309453 0.612125 0.316328 0.612396 0.332484 0.611042 0.336938 0.609979 0.343406 0.597854 0.344609 0.583021 0.339156 0.573333 0.330672 0.568208 0.323391 0.568479 0.314703 0.568479
0 0.58925 0.837979 0.570156 0.827375 0.566984 0.816771 0.562203 0.792375 0.569359 0.778604 0.582891 0.770104 0.598797 0.773292 0.613109 0.774354 0.607547 0.754208 0.619484 0.739354 0.632203 0.738292 0.64175 0.738292 0.652094 0.753146 0.660047 0.757375 0.675156 0.749958 0.693453 0.760563 0.697438 0.774354 0.697438 0.800875 0.69425 0.807229 0.700609 0.835875 0.699031 0.850708 0.671984 0.869812 0.6505 0.880417 0.631406 0.869812 0.600391 0.853896 0.587656 0.839042
0 0.401484 0.872667 0.428234 0.900813 0.444422 0.911125 0.461297 0.91675 0.483125 0.919583 0.500016 0.918625 0.517609 0.904563 0.526047 0.894229 0.522531 0.885792 0.530266 0.875479 0.538016 0.870792 0.547156 0.854833 0.54575 0.832313 0.542938 0.822937 0.529563 0.805104 0.525344 0.804167 0.519016 0.791021 0.497891 0.787271 0.479594 0.7685 0.46975 0.771313 0.451453 0.776958 0.450047 0.776958 0.438781 0.780708 0.431047 0.790083 0.421891 0.800417 0.421891 0.806979 0.405703 0.827625 0.400078 0.84075 0.400078 0.848271 0.400781 0.858583
0 0.373094 0.815604 0.347516 0.800792 0.335281 0.799292 0.314156 0.785958 0.303031 0.76075 0.307484 0.741479 0.316375 0.726646 0.329719 0.720729 0.343062 0.722208 0.350844 0.725167 0.354187 0.707375 0.361969 0.683667 0.375312 0.680688 0.385328 0.680688 0.398672 0.694042 0.406453 0.713313 0.407562 0.71925 0.428687 0.722208 0.440922 0.729625 0.442031 0.744437 0.442031 0.754812 0.436469 0.76075 0.428687 0.771125 0.412 0.7815 0.412 0.790396 0.399781 0.799292 0.390875 0.808188
0 0.270625 0.748 0.290109 0.747563 0.302875 0.7365 0.3115 0.729271 0.313094 0.716062 0.305437 0.699458 0.292656 0.687958 0.285953 0.687542 0.275734 0.691792 0.262969 0.698187 0.256891 0.707542 0.254344 0.725437 0.258172 0.748 0.26775 0.749708
0 0.607266 0.675229 0.612391 0.694792 0.621203 0.7075 0.630734 0.712396 0.638813 0.725104 0.649813 0.730979 0.66375 0.736833 0.679891 0.743688 0.688688 0.74075 0.698234 0.739771 0.704828 0.74075 0.715828 0.735875 0.720969 0.727063 0.723906 0.715333 0.723906 0.7075 0.722438 0.698688 0.713641 0.694792 0.715828 0.684021 0.715828 0.67425 0.712172 0.661521 0.706297 0.654687 0.693828 0.649792 0.693094 0.649792 0.674016 0.638042 0.664484 0.641958 0.658609 0.648813 0.646875 0.644896 0.632937 0.652729 0.632203 0.6625 0.616797 0.664458 0.610203 0.683042
0 0.219094 0.525833 0.048875 0.546063 0.0539375 0.489896 0.0825781 0.453937 0.121344 0.433708 0.15 0.417979 0.175281 0.4 0.205625 0.415729 0.239328 0.4 0.266297 0.40675 0.3 0.433708 0.306734 0.471917 0.281453 0.510104 0.229219 0.550562
0 0.100891 0.840687 0.052125 0.836208 0.0639062 0.789125 0.0773594 0.764458 0.089125 0.724104 0.158078 0.706167 0.188344 0.710646 0.195062 0.766708 0.173203 0.820521 0.114344 0.838458
0 0.441953 0.549833 0.426578 0.534437 0.41375 0.510521 0.407344 0.481458 0.411188 0.462667 0.421453 0.454104 0.432984 0.45925 0.436828 0.447271 0.426578 0.433604 0.426578 0.416521 0.432984 0.397708 0.449641 0.394292 0.457344 0.40625 0.465031 0.397708 0.477844 0.401125 0.482984 0.40625 0.488109 0.392583 0.499641 0.387458 0.511188 0.396 0.518875 0.413083 0.526563 0.40625 0.535531 0.407958 0.544516 0.418229 0.547078 0.404542 0.556047 0.394292 0.570141 0.396 0.576562 0.413083 0.575281 0.426771 0.581687 0.416521 0.598344 0.416521 0.602187 0.433604 0.609891 0.437021 0.616297 0.457542 0.629109 0.455813 0.636813 0.466083 0.6445 0.466083 0.645781 0.484875 0.643219 0.493417 0.647062 0.512229 0.641937 0.529312 0.636813 0.531021 0.639375 0.543 0.621422 0.5635 0.580406 0.582313 0.575281 0.572042 0.565016 0.582313 0.548359 0.587438 0.518875 0.587438 0.477844 0.572042 0.447078 0.558375
0 0.174281 0.884687 0.219984 0.924438 0.272984 0.894396 0.318688 0.833458 0.304781 0.809625 0.294844 0.808729 0.283578 0.775167 0.265031 0.768104 0.253109 0.778708 0.235234 0.775167 0.219328 0.791063 0.196141 0.79725 0.186203 0.820208 0.188859 0.852021 0.170313 0.884687
0 0.453484 0.555917 0.465234 0.553687 0.465234 0.546229 0.469156 0.535792 0.465234 0.527583 0.461328 0.514896 0.453484 0.511917 0.445656 0.509687 0.433906 0.514146 0.428312 0.522354 0.42775 0.535042 0.437828 0.54325 0.443422 0.550708 0.449578 0.558917
