0 0.508594 0.377811 0.504766 0.416509 0.491344 0.432249 0.473469 0.438284 0.460047 0.438284 0.445359 0.418935 0.4345 0.379024 0.437688 0.348787 0.446641 0.325799 0.474109 0.305237 0.479844 0.304024 0.502844 0.340325
0 0.525109 0.193284 0.524906 0.220059 0.520891 0.237663 0.517094 0.250858 0.515188 0.257249 0.505266 0.272426 0.499984 0.273639 0.493438 0.270444 0.489219 0.268846 0.484578 0.266834 0.479938 0.264852 0.476984 0.256834 0.473172 0.247249 0.473172 0.239645 0.475922 0.232456 0.477828 0.220858 0.477609 0.203284 0.473172 0.203669 0.466422 0.202071 0.460516 0.202485 0.457984 0.190888 0.4565 0.181686 0.458609 0.178491 0.471703 0.171302 0.508016 0.14571 0.5135 0.148521 0.513922 0.156509 0.518141 0.161716 0.522156 0.168521 0.525109 0.173314 0.525328 0.192899
0 0.623062 0.671124 0.619766 0.761627 0.622516 0.788669 0.662062 0.760592 0.673609 0.680473 0.658219 0.664882 0.6335 0.659675
0 0.0990313 0.361036 0.0627031 0.310592 0.0445469 0.234941 0.0590781 0.156982 0.101453 0.118018 0.117203 0.122604 0.136563 0.140947 0.158359 0.163876 0.171687 0.218876 0.176531 0.244112 0.176531 0.285385 0.169266 0.319763 0.162 0.338107 0.154734 0.351864 0.142625 0.361036 0.124469 0.365621 0.109937 0.367929 0.0954062 0.358757
0 0.5785 0.304586 0.574156 0.291213 0.573344 0.275799 0.603766 0.234142 0.615172 0.225917 0.627125 0.299467 0.62875 0.314379 0.62875 0.318491 0.623313 0.326213 0.611359 0.32568 0.593984 0.324645 0.586375 0.315917
0 0.536641 0.360533 0.567766 0.430651 0.587859 0.386657 0.587859 0.355325 0.584313 0.33071 0.578016 0.311302 0.57525 0.300118 0.567375 0.300118 0.555953 0.300118 0.545703 0.312071 0.537438 0.341154
0 0.352312 0.252544 0.397219 0.295059 0.411797 0.289822 0.412969 0.280888 0.401953 0.24284 0.409031 0.237633 0.412578 0.230178 0.394859 0.227929 0.38225 0.227929 0.365703 0.236124 0.357031 0.242101
0 0.303406 0.654675 0.316625 0.611361 0.327297 0.579615 0.349656 0.57287 0.354234 0.603669 0.327297 0.66429 0.316625 0.673935 0.304937 0.655651
0 0.514906 0.260325 0.523187 0.226036 0.525547 0.185 0.525547 0.180533 0.525938 0.177544 0.541703 0.182012 0.541297 0.199911 0.540516 0.209615 0.550766 0.223047 0.554297 0.230503 0.546812 0.271538 0.537766 0.26929 0.531453 0.267041
0 0.535109 0.32287 0.550625 0.299112 0.569141 0.283284 0.578688 0.269734 0.579297 0.258402 0.561375 0.242574 0.551828 0.248225 0.54525 0.271982 0.534516 0.287811 0.52675 0.32287 0.526156 0.329645
0 0.480219 0.581213 0.503297 0.632751 0.505781 0.632751 0.52325 0.620888 0.531172 0.578728 0.531 0.566538 0.528203 0.562485 0.521281 0.563728 0.479219 0.565592
0 0.562344 0.793402 0.534906 0.745178 0.5545 0.687308 0.567438 0.668757 0.577625 0.660592 0.609766 0.699911 0.617594 0.719941 0.591344 0.784497 0.562344 0.79713
0 0.357109 0.262751 0.348078 0.255266 0.340734 0.255266 0.326047 0.267012 0.320406 0.296982 0.320406 0.337604 0.32775 0.366479 0.341859 0.361124 0.352031 0.357929 0.355984 0.344024 0.357109 0.320503 0.358812 0.295888 0.363891 0.273432 0.363328 0.265947
