0 0.208969 0.344917 0.190062 0.361125 0.181281 0.378229 0.173859 0.402521 0.177906 0.421437 0.186016 0.447542 0.196141 0.460125 0.204234 0.466437 0.211656 0.474542 0.232594 0.466437 0.233266 0.433125 0.237984 0.411521 0.245422 0.396229 0.256219 0.385437 0.258922 0.382729 0.252844 0.368333 0.244062 0.363833 0.237312 0.360229 0.241359 0.346729 0.240016 0.335021 0.237984 0.337729 0.236641 0.352125 0.233937 0.354833 0.228547 0.351229 0.223141 0.345833 0.212344 0.343125 0.209641 0.344917
0 0.00171875 0.4755 0.0158281 0.454417 0.0380313 0.443583 0.0615313 0.451562 0.0735 0.474917 0.0799062 0.502833 0.0777656 0.5205 0.0628125 0.517646 0.0350469 0.538146 0.0247969 0.570042 0.0175313 0.570625 0.00257812 0.552396 0 0.535875
0 0.135141 0.652021 0.123313 0.591208 0.133453 0.557438 0.148656 0.541667 0.185812 0.555188 0.201016 0.568688 0.195953 0.606979 0.201016 0.667792 0.19425 0.679063 0.135141 0.647521
0 0.318547 0.424729 0.310109 0.420229 0.289891 0.4045 0.283141 0.368542 0.286516 0.337083 0.306734 0.301125 0.326969 0.292125 0.355625 0.303375 0.382578 0.321354 0.372469 0.370792 0.340453 0.408979
0 0.120812 0.483187 0.142078 0.460687 0.160422 0.451875 0.173625 0.45775 0.180234 0.466562 0.184625 0.474375 0.189031 0.473396 0.189766 0.448958 0.184625 0.426458 0.180953 0.402 0.16775 0.398083 0.149422 0.398083 0.131078 0.402979 0.120812 0.41275 0.106859 0.434271 0.103937 0.449937 0.108328 0.468521 0.110531 0.485146 0.111266 0.489063
0 0.0134531 0.425896 0.0185 0.387771 0.0353125 0.372083 0.0655781 0.369833 0.0840781 0.385542 0.0840781 0.412438 0.089125 0.401229 0.0840781 0.432625 0.0689531 0.455042 0.052125 0.452813 0.0235469 0.450563 0.0185 0.452813
0 0.263313 0.380646 0.254156 0.371021 0.248375 0.366521 0.245016 0.364583 0.243562 0.348521 0.244047 0.337604 0.241641 0.333104 0.235375 0.339542 0.232484 0.352375 0.232484 0.355604 0.229109 0.351104 0.226219 0.336333 0.226219 0.315125 0.234406 0.290063 0.240187 0.279146 0.253203 0.268229 0.259953 0.265646 0.267172 0.266292 0.277297 0.266937 0.283562 0.267583 0.284031 0.268229 0.294641 0.256667 0.300906 0.261792 0.296078 0.271437 0.295125 0.272729 0.301859 0.282354 0.304281 0.300979 0.307641 0.311917 0.296078 0.32925 0.288375 0.349167 0.284031 0.367813 0.279703 0.381292 0.269094 0.3845
0 0.339016 0.287562 0.344672 0.262458 0.366328 0.246146 0.386094 0.246146 0.409641 0.253667 0.416219 0.276271 0.410578 0.300125 0.404922 0.325229 0.392687 0.351583 0.380453 0.360375 0.3795 0.360375 0.3795 0.346562 0.385156 0.332771 0.385156 0.323979 0.381391 0.317688 0.373859 0.312667 0.358797 0.302625 0.342781 0.295104
0 0.115531 0.492104 0.126781 0.472104 0.144594 0.457125 0.161453 0.457125 0.174578 0.459625 0.188641 0.474604 0.201766 0.498354 0.208328 0.519604 0.192391 0.545854 0.186766 0.548354 0.170828 0.545854 0.147406 0.543354 0.131469 0.553354 0.117406 0.558354 0.109906 0.537104 0.108031 0.513354
0 0.0785937 0.745417 0.0642344 0.748625 0.0482969 0.744354 0.0443125 0.727354 0.0363438 0.711417 0.0323594 0.697583 0.0307656 0.680583 0.0482969 0.652938 0.0618437 0.633813 0.0849688 0.618937 0.096125 0.617875 0.108094 0.621063 0.112078 0.63275 0.118453 0.647625 0.127219 0.658271 0.0953281 0.688021 0.0849688 0.716729
0 0.0720937 0.458667 0.0999687 0.452792 0.104375 0.459646 0.110234 0.478229 0.113906 0.494854 0.108766 0.512458 0.108766 0.535937 0.0999687 0.526167 0.0867656 0.525188 0.0794219 0.525188 0.0801562 0.509521 0.0750156 0.488021 0.070625 0.472354
0 0.196547 0.352708 0.183828 0.345917 0.172812 0.341396 0.157547 0.343646 0.143125 0.357229 0.132953 0.385479 0.133797 0.402437 0.152453 0.397917 0.177047 0.395667 0.185531 0.366271 0.191453 0.358354
0 0.0603906 0.5265 0.0350625 0.544667 0.0272656 0.562854 0.0272656 0.586229 0.0331094 0.617396 0.0506562 0.635583 0.0720781 0.627792 0.105187 0.622604 0.118828 0.594021 0.109094 0.552458 0.0896094 0.536875
