0 0.379641 0.203958 0.379 0.217799 0.383625 0.226838 0.388234 0.225902 0.393484 0.218501 0.393328 0.208009 0.393156 0.206815 0.387281 0.199672 0.383453 0.201335
0 0.445609 0.2463 0.447703 0.242365 0.447703 0.235691 0.447969 0.232553 0.446656 0.227447 0.439594 0.226276 0.438016 0.227049 0.436703 0.229016 0.433047 0.232951 0.432781 0.238431 0.432781 0.245902 0.433047 0.247471 0.436969 0.251405 0.442734 0.252178 0.448234 0.242763
0 0.902875 0.628689 0.899391 0.617752 0.901125 0.614403 0.902562 0.612037 0.906047 0.610843 0.909859 0.612037 0.911453 0.616066 0.912234 0.620117 0.911609 0.625363 0.909062 0.627728 0.906687 0.627026
0 0.968516 0.469461 0.974266 0.46829 0.97975 0.471803 0.981062 0.474169 0.982359 0.478478 0.980797 0.481616 0.977656 0.485925 0.976094 0.486698 0.974 0.488665 0.969812 0.487096 0.969812 0.487096
0 0.636859 0.113817 0.633 0.108009 0.632141 0.101569 0.633281 0.0927635 0.637141 0.0869789 0.642312 0.0863232 0.645312 0.0869789 0.64875 0.0914754 0.650766 0.0959953 0.651047 0.10007 0.650328 0.107166 0.647328 0.113396 0.643172 0.114473 0.639734 0.114895
0 0.50075 0.257237 0.494688 0.257705 0.491437 0.25445 0.490344 0.248173 0.49175 0.243279 0.494078 0.240023 0.497328 0.23815 0.500437 0.239789 0.501844 0.243747 0.502156 0.247939 0.501375 0.253044 0.501062 0.256323
0 0.086125 0.630141 0.0836406 0.619719 0.087625 0.609297 0.0975469 0.607822 0.1045 0.615246 0.105484 0.625667 0.101516 0.631616 0.0950625 0.63459 0.087625 0.631616
0 0.975172 0.909859 0.973703 0.908876 0.972219 0.905574 0.97025 0.901382 0.969359 0.899063 0.969141 0.897963 0.969516 0.895667 0.971781 0.894215 0.973703 0.894333 0.978625 0.898852 0.981781 0.903138 0.982078 0.905574 0.977 0.908876
0 0.106438 0.616511 0.107641 0.612904 0.110906 0.610913 0.113312 0.609836 0.118625 0.610539 0.122 0.612365 0.124172 0.619227 0.125141 0.628642 0.12225 0.636066 0.119719 0.640398 0.111266 0.640398 0.105828 0.633513 0.105234 0.627564 0.106078 0.619602
0 0.197094 0.904801 0.200016 0.903934 0.203219 0.896511 0.201469 0.890187 0.196953 0.890187 0.192578 0.894988 0.193453 0.901756 0.194766 0.905457
0 0.579547 0.102881 0.580063 0.09274 0.583453 0.0874707 0.587609 0.0866979 0.590859 0.0866979 0.593594 0.0886417 0.595938 0.0937237 0.597109 0.098993 0.596984 0.103466 0.592812 0.109906 0.589313 0.111288 0.583703 0.110117 0.5815 0.10815
0 0.210234 0.893068 0.207516 0.894496 0.206016 0.895925 0.205203 0.897354 0.204531 0.899789 0.205203 0.904075 0.206828 0.906909 0.208594 0.906909 0.211047 0.906909 0.212953 0.905293 0.214984 0.905691 0.216484 0.905293 0.217016 0.901218 0.217016 0.897143 0.216344 0.894286 0.214578 0.892459 0.211719 0.892459
