0 0.79904 0.95544 0.79684 0.95544 0.7922 0.95544 0.7878 0.95544 0.78382 0.95192 0.78228 0.94544 0.78096 0.93896 0.7814 0.93016 0.7858 0.9228 0.7933 0.917493 0.8017 0.9172 0.80898 0.92368 0.81272 0.935733 0.8136 0.944267 0.80368 0.949547
0 0.80298 0.912667 0.81474 0.895573 0.82862 0.894133 0.8361 0.90696 0.83718 0.924053 0.82436 0.934053 0.80938 0.928347
0 0.88216 0.90592 0.88024 0.9192 0.88024 0.928187 0.88698 0.93976 0.89534 0.937627 0.90208 0.935893 0.904 0.934613 0.90594 0.923467 0.90658 0.916187 0.90498 0.911067 0.9024 0.906347 0.89886 0.903333 0.8947 0.903333 0.89276 0.9012 0.8902 0.897787 0.88634 0.898213 0.88248 0.9012
0 0.90938 0.899547 0.90886 0.885413 0.9114 0.869893 0.91848 0.86584 0.92404 0.86584 0.9296 0.87056 0.9306 0.88 0.92858 0.892133 0.92556 0.90024 0.91696 0.9036 0.91038 0.90024
0 0.20888 0.794693 0.21574 0.799573 0.22078 0.796533 0.2281 0.791333 0.23338 0.79104 0.24436 0.784933 0.2565 0.78432 0.26748 0.788907 0.26702 0.791333 0.23978 0.814853 0.22146 0.81912 0.18758 0.819733
0 0.83678 0.957547 0.83582 0.951147 0.8371 0.939653 0.84508 0.932 0.85658 0.93456 0.86298 0.944347 0.86392 0.960933 0.86074 0.974133 0.85626 0.972027 0.84604 0.960933 0.84062 0.960933 0.83678 0.956693
0 0.81474 0.944267 0.82486 0.948133 0.83016 0.951973 0.8321 0.95776 0.84654 0.95904 0.85618 0.969333 0.8581 0.97704 0.85184 0.987947 0.83932 0.992453 0.81474 0.993093 0.80366 0.993093 0.78246 1 0.7656 0.99824 0.76946 0.97832 0.7709 0.97704 0.77042 0.964827 0.77476 0.95776 0.78198 0.95456 0.79018 0.95456 0.79836 0.95392 0.81282 0.944267
0 0.85424 0.933547 0.861 0.920667 0.87742 0.922587 0.88176 0.934187 0.88176 0.94448 0.86728 0.963147 0.86342 0.96896 0.86438 0.950933 0.86148 0.939973
0 0.90628 0.908053 0.90924 0.90016 0.91292 0.89968 0.92068 0.903627 0.92104 0.91592 0.92104 0.924773 0.91698 0.9292 0.91144 0.92576 0.90702 0.91888 0.90554 0.914933 0.90702 0.90656
0 0.0658 0.896027 0.07836 0.875653 0.0933 0.852533 0.1113 0.83216 0.13576 0.833973 0.14322 0.832613 0.14798 0.82944 0.15444 0.832613 0.1558 0.834427 0.16768 0.83488 0.12454 0.89104 0.1198 0.9028 0.10688 0.901893 0.10586 0.896027 0.0984 0.89376 0.0865 0.894667 0.08142 0.899653
0 0.93722 0.92904 0.94002 0.914987 0.94214 0.90656 0.94214 0.90096 0.95126 0.89344 0.96578 0.89064 0.96976 0.894693 0.9686 0.90656 0.96812 0.92 0.96696 0.92936 0.95876 0.9356 0.94846 0.935307 0.93182 0.931547
0 0.814 0.875093 0.89338 0.8712 0.90192 0.866 0.9119 0.86016 0.92408 0.834827 0.91822 0.829973 0.90678 0.829653 0.90264 0.830613 0.89632 0.828027 0.88584 0.828027 0.88 0.830293 0.8744 0.833867 0.8683 0.828667 0.85906 0.828987 0.85418 0.83128 0.85346 0.833547 0.8515 0.830933 0.84566 0.825093 0.83884 0.825093 0.83106 0.8316 0.82984 0.8384 0.82984 0.841653 0.8235 0.84912 0.82204 0.855627 0.81546 0.862107 0.814 0.86536 0.81352 0.87056
0 0.90638 0.91016 0.89402 0.90488 0.8896 0.898987 0.891 0.887173 0.8924 0.87848 0.89938 0.87072 0.90824 0.869467 0.91126 0.87072 0.9087 0.88408 0.90988 0.89992
