0 0.46172 0.05518 0.52028 0.07094 0.55856 0.12274 0.59234 0.0822 0.6464 0.08446 0.67792 0.06644 0.74774 0.11148 0.78154 0.07546 0.85586 0.05518 0.92792 0.10924 0.92792 0.1678 0.88738 0.21734 0.84234 0.23086 0.81082 0.2331 0.7545 0.19032 0.75 0.15878 0.741 0.15428 0.69594 0.21734 0.6554 0.24436 0.58334 0.20834 0.5518 0.15202 0.5473 0.20158 0.5045 0.2196 0.4527 0.2241 0.39864 0.19482 0.38064 0.134 0.38738 0.07996
0 0.48102 0.35882 0.46324 0.33558 0.45914 0.29182 0.46324 0.25628 0.49332 0.22482 0.5398 0.20842 0.5986 0.22618 0.61912 0.26038 0.62868 0.28088 0.6369 0.3178 0.62868 0.34378 0.61092 0.38344 0.58904 0.3971 0.55212 0.39848 0.50972 0.4012 0.49332 0.38344 0.46598 0.34788
0 0.65428 0.36374 0.69178 0.37124 0.71052 0.37624 0.74552 0.41998 0.75302 0.45996 0.73302 0.5087 0.69554 0.5387 0.64678 0.5387 0.6168 0.52246 0.58056 0.49496 0.57806 0.43996 0.5868 0.39998 0.6343 0.36624
0 0.80728 0.53288 0.76936 0.50732 0.75122 0.4694 0.76028 0.40756 0.77678 0.38612 0.80482 0.36468 0.84026 0.3589 0.87984 0.3655 0.9054 0.39518 0.91778 0.41992 0.92272 0.44384 0.92438 0.46858 0.912 0.50156 0.89964 0.51392 0.87408 0.52712 0.85758 0.53206 0.84026 0.53536
0 0.8057 0.532 0.84168 0.54046 0.87872 0.54892 0.88084 0.54892 0.91046 0.58596 0.92 0.59866 0.9221 0.6304 0.91152 0.67696 0.88296 0.70448 0.85862 0.71506 0.78878 0.71188 0.75914 0.6886 0.73586 0.6484 0.7274 0.62724 0.73374 0.5849 0.74538 0.56162 0.78454 0.53728
0 0.79782 0.86674 0.8251 0.88584 0.84284 0.88856 0.8633 0.8872 0.89742 0.87902 0.92334 0.85174 0.93698 0.81216 0.93834 0.7726 0.92198 0.7385 0.87012 0.71258 0.81692 0.72348 0.776 0.76032 0.76644 0.78762 0.76508 0.81216 0.78828 0.8681 0.7951 0.8722
0 0.2325 0.75654 0.18244 0.73204 0.11958 0.74696 0.09188 0.77892 0.08228 0.81834 0.0908 0.8716 0.12704 0.90676 0.1771 0.91528 0.22398 0.8993 0.26128 0.86842 0.26234 0.83432 0.26554 0.80662 0.257 0.77466
0 0.3907 0.94224 0.43034 0.9067 0.43856 0.84926 0.42624 0.80824 0.40984 0.78364 0.38796 0.76996 0.36062 0.75902 0.3114 0.7645 0.269 0.80004 0.25532 0.87388 0.27174 0.90944 0.30182 0.93542 0.35514 0.95046 0.39754 0.93268
0 0.66592 0.28688 0.68386 0.24876 0.71974 0.21962 0.76906 0.21962 0.8027 0.21962 0.8296 0.2398 0.83632 0.26446 0.83632 0.32948 0.81838 0.3676 0.74664 0.39674 0.713 0.3833 0.68162 0.36088 0.66592 0.29586
0 0.61074 0.70044 0.64206 0.68478 0.68456 0.68478 0.71588 0.68702 0.74272 0.70044 0.75168 0.72282 0.76286 0.74518 0.76286 0.77426 0.75616 0.83466 0.68456 0.87046 0.63534 0.85928 0.61968 0.84586 0.59284 0.82124 0.58166 0.78546 0.58166 0.74518 0.58836 0.72728
0 0.6645 0.69418 0.70414 0.68186 0.72328 0.65316 0.72466 0.62308 0.70688 0.56018 0.66176 0.5424 0.61528 0.54514 0.58792 0.5588 0.57426 0.58068 0.57152 0.62718 0.58656 0.66956 0.618 0.69006 0.6563 0.69418 0.68364 0.69418
0 0.46094 0.96744 0.4401 0.92838 0.4401 0.85546 0.47136 0.8112 0.57552 0.79818 0.61718 0.86068 0.60416 0.9362 0.5625 0.96224 0.52084 0.98308 0.47656 0.97266
