0 0.37817 0.467435 0.374951 0.460343 0.37817 0.443611 0.385245 0.428807 0.394265 0.416569 0.399412 0.40884 0.407141 0.401111 0.419379 0.395964 0.435474 0.395964 0.451569 0.398529 0.464444 0.402402 0.482467 0.411422 0.496634 0.429444 0.502435 0.44232 0.505016 0.47902 0.498562 0.501552 0.48634 0.5125 0.47281 0.515082 0.456078 0.515082 0.442549 0.515082 0.410997 0.513154 0.393611 0.506716 0.383954 0.491258 0.380735 0.477729 0.375588 0.462925
0 0.563611 0.431127 0.495098 0.448252 0.379036 0.47299 0.274379 0.488219 0.242026 0.474902 0.203971 0.457778 0.200163 0.42732 0.186846 0.387369 0.205882 0.383562 0.223007 0.353121 0.287696 0.328382 0.327663 0.316961 0.373317 0.330278 0.390458 0.349314 0.445637 0.347402 0.455147 0.315065 0.508431 0.315065 0.55219 0.391176 0.563611 0.431127 0.573121 0.419722 0.535065 0.320768 0.569314 0.313154 0.570719 0.369592 0.573121 0.419722
0 0.42031 0.13933 0.403742 0.112827 0.366471 0.107859 0.385523 0.0912908 0.403742 0.0780392 0.441013 0.0912908 0.464199 0.119461 0.465866 0.136029 0.44018 0.130229 0.422794 0.136846
0 0.340605 0.17969 0.380016 0.203137 0.385637 0.248186 0.36031 0.258497 0.287124 0.265065 0.275866 0.260376 0.267418 0.222843 0.275866 0.200327 0.305882 0.189069 0.332157 0.180621
0 0.606029 0.127075 0.601781 0.149461 0.615621 0.151585 0.644395 0.16969 0.658235 0.190997 0.679542 0.18781 0.696601 0.192075 0.701928 0.159036 0.696601 0.130278 0.659314 0.107908 0.636928 0.107908 0.612435 0.116422
0 0.671912 0.311977 0.658431 0.341193 0.658431 0.35018 0.658431 0.377157 0.689886 0.392876 0.716846 0.397386 0.734837 0.388382 0.755049 0.370408 0.759542 0.356928 0.750556 0.35018 0.73933 0.343448 0.734837 0.343448 0.716846 0.345686 0.716846 0.345686
0 0.582026 0.159542 0.55281 0.168546 0.528088 0.134837 0.519101 0.0853922 0.543824 0.0696569 0.588758 0.0876471 0.608987 0.112353 0.604493 0.141569 0.588758 0.155049
0 0.529869 0.530458 0.517663 0.52531 0.510605 0.519526 0.506748 0.513105 0.506095 0.507958 0.502239 0.499608 0.502239 0.490621 0.501601 0.47134 0.502239 0.455931 0.502239 0.43665 0.506095 0.425082 0.518301 0.418023 0.531797 0.419951 0.547222 0.416095 0.560065 0.416095 0.561993 0.416732 0.561993 0.420588 0.57098 0.428938 0.588333 0.435376 0.594118 0.438578 0.601176 0.447582 0.605033 0.454641 0.608889 0.461716 0.607614 0.477124 0.603105 0.489984 0.601176 0.506683 0.581275 0.519526 0.579346 0.527876 0.574837 0.531732 0.560065 0.532386 0.541438 0.53366
0 0.366716 0.489428 0.382369 0.485507 0.38433 0.487467 0.390196 0.503121 0.387271 0.526585 0.379444 0.547141 0.365752 0.559853 0.366716 0.489428 0.357925 0.490408 0.351078 0.56768 0.328578 0.574526 0.307059 0.573546 0.282598 0.564739 0.26402 0.552026 0.252288 0.530507 0.24348 0.490408 0.282598 0.496275 0.31683 0.494314 0.357925 0.490408
0 0.807794 0.205196 0.78701 0.142859 0.78701 0.142859 0.735065 0.142859 0.714281 0.176618 0.758448 0.21299
0 0.452925 0.322402 0.445637 0.348415 0.391536 0.348415 0.37281 0.328644 0.347843 0.31719 0.456046 0.314069
0 0.432206 0.602124 0.420278 0.62152 0.418791 0.635703 0.422516 0.649869 0.446389 0.670016 0.470997 0.687157 0.497843 0.673742 0.511275 0.663301 0.513513 0.645392 0.514265 0.625997 0.506046 0.611078 0.498595 0.596912 0.490392 0.595425 0.472484 0.605114 0.455327 0.610343 0.44116 0.605114
0 0.515784 0.218971 0.535245 0.203824 0.560131 0.201667 0.588252 0.218971 0.589346 0.228709 0.569869 0.241683 0.555801 0.253578 0.499559 0.253578 0.504967 0.234118
