0 0.127958 0.380406 0.121125 0.387703 0.114312 0.398672 0.115292 0.423531 0.117229 0.427922 0.118208 0.447656 0.148438 0.465938 0.188396 0.470328 0.225437 0.465938 0.25175 0.444 0.262479 0.422797 0.263458 0.418422 0.250792 0.392094 0.249812 0.389906 0.246875 0.387703 0.226417 0.388437 0.179625 0.379672 0.160125 0.366516 0.158167 0.365781 0.154271 0.366516 0.144521 0.370891 0.128938 0.37675
0 0.436646 0.414016 0.404042 0.405562 0.381479 0.391453 0.361417 0.352891 0.371437 0.318094 0.401542 0.296469 0.432896 0.288 0.465479 0.289891 0.503104 0.296469 0.536958 0.324688 0.518146 0.343484 0.506875 0.354781 0.491812 0.365125 0.480542 0.371703 0.468 0.374531 0.442917 0.38675 0.431625 0.400859 0.431625 0.412141
0 0.170208 0.471203 0.147792 0.496047 0.14975 0.494594 0.175083 0.509938 0.1975 0.508484 0.210187 0.510672 0.217979 0.515062 0.196521 0.554547 0.188729 0.568438 0.200437 0.572813 0.212125 0.534797 0.267688 0.504094 0.283292 0.499703 0.292063 0.490937 0.278417 0.485094 0.275479 0.470469 0.249167 0.454375 0.192625 0.473391
0 0.422646 0.633813 0.429771 0.655922 0.500896 0.690969 0.551708 0.678781 0.563896 0.654391 0.576104 0.620859 0.521229 0.590375 0.482604 0.562172 0.432812 0.575891 0.421646 0.604844 0.423667 0.620859
0 0.338583 0.631453 0.257688 0.624719 0.245688 0.624719 0.227708 0.613484 0.215729 0.591016 0.20675 0.570781 0.224729 0.528094 0.236708 0.521344 0.266667 0.514609 0.299625 0.503375 0.338583 0.521344 0.377521 0.534828 0.383521 0.566297 0.377521 0.59775
0 0.478958 0.566156 0.4705 0.567422 0.455792 0.566156 0.441104 0.560641 0.429792 0.546234 0.423583 0.528 0.422458 0.5085 0.430375 0.499188 0.437146 0.49325 0.442792 0.500031 0.450146 0.513594 0.459187 0.533094 0.467667 0.544953 0.472188 0.555984
0 0.285812 0.423234 0.284562 0.394219 0.300792 0.373625 0.355708 0.363313 0.368208 0.36425 0.380687 0.394219 0.33575 0.407328 0.290813 0.420422
0 0.420438 0.849328 0.407479 0.840516 0.39775 0.831094 0.394104 0.8165 0.392896 0.800094 0.397354 0.786109 0.408687 0.778516 0.420438 0.773953 0.437062 0.769406 0.456917 0.768797 0.47475 0.770625 0.486896 0.777609 0.501479 0.787937 0.511208 0.801 0.51 0.814984 0.506354 0.825313 0.494188 0.841422 0.475958 0.850234 0.466646 0.852969 0.457312 0.854187 0.442729 0.855703 0.428542 0.854187
0 0.465479 0.288672 0.456083 0.278484 0.450854 0.263219 0.450333 0.249109 0.458167 0.23775 0.4775 0.226391 0.487438 0.220906 0.504146 0.210719 0.527125 0.202875 0.557937 0.202094 0.578312 0.213844 0.595562 0.227562 0.602875 0.242453 0.607583 0.262031 0.606521 0.276531 0.601313 0.282797 0.597125 0.293375 0.594521 0.300031 0.593479 0.302781 0.579375 0.295344 0.532354 0.321188 0.515646 0.304344 0.492646 0.294953
0 0.583708 0.647109 0.565687 0.665109 0.553687 0.686719 0.578896 0.711016 0.622104 0.713719 0.650896 0.695719 0.652104 0.666016 0.650896 0.648016 0.623292 0.635406 0.595708 0.637203
0 0.298125 0.426547 0.283729 0.442141 0.277333 0.456531 0.275208 0.471719 0.28 0.4865 0.291188 0.494094 0.302917 0.498891 0.315167 0.506891 0.347146 0.519281 0.370063 0.526484 0.389792 0.526484 0.403646 0.522078 0.4175 0.513687 0.429229 0.5025 0.436688 0.493297 0.435625 0.480906 0.431896 0.452937 0.432958 0.422156 0.421771 0.411359 0.411104 0.407766 0.395646 0.400563 0.375937 0.396172 0.356208 0.398563 0.334354 0.404563 0.311438 0.412156 0.299188 0.423344 0.296521 0.428141
0 0.686167 0.779031 0.715542 0.774797 0.735875 0.765469 0.746042 0.740062 0.737 0.7265 0.733625 0.719719 0.718937 0.698547 0.700854 0.690078 0.678271 0.686688 0.650021 0.696844 0.630812 0.712953 0.625167 0.732437 0.635333 0.756156 0.6455 0.767172 0.664708 0.777328
0 0.706 0.780422 0.715042 0.791734 0.713542 0.813219 0.695458 0.835828 0.663792 0.844875 0.621583 0.834703 0.600479 0.808687 0.6035 0.775906 0.623104 0.763469 0.632146 0.760078 0.645708 0.766859 0.666813 0.777031
