0 0.649406 0.4 0.633531 0.376479 0.601766 0.381167 0.573531 0.423521 0.587641 0.482354 0.587641 0.524708 0.614125 0.552938 0.638828 0.534125 0.667063 0.562354 0.709406 0.571771 0.737641 0.545875 0.734125 0.494125 0.711172 0.461167 0.716469 0.385875 0.681172 0.374125 0.649406 0.409417
0 0.649141 0.557271 0.647047 0.581104 0.657562 0.644229 0.677547 0.620396 0.6765 0.583917 0.672813 0.566396 0.662297 0.555167 0.649141 0.557271 0.642828 0.562188 0.630203 0.576896 0.614437 0.590229 0.60075 0.60425 0.597594 0.583917 0.610219 0.560083 0.619172 0.552354 0.629687 0.54675 0.639156 0.549563 0.642828 0.562188
0 0.533281 0.268417 0.531422 0.260646 0.530359 0.248271 0.532484 0.239417 0.537516 0.233042 0.546281 0.230229 0.560078 0.231625 0.560344 0.244375 0.556891 0.251437 0.552109 0.259229 0.548141 0.276917 0.536453 0.275854
0 0.575766 0.32275 0.57025 0.317833 0.562891 0.316854 0.557 0.316354 0.547422 0.325688 0.54375 0.337958 0.54375 0.34875 0.547063 0.358083 0.552953 0.356125 0.556625 0.357104 0.564891 0.360208 0.574375 0.3535 0.581063 0.336396 0.576609 0.3245
0 0.570922 0.285708 0.575422 0.277708 0.581125 0.266521 0.579016 0.257729 0.571531 0.246938 0.560438 0.245729 0.553547 0.255333 0.549937 0.264521 0.550547 0.277313 0.558344 0.278104 0.565531 0.282917
0 0.529344 0.270354 0.530078 0.262896 0.526422 0.252167 0.52375 0.24925 0.515953 0.244375 0.505734 0.247625 0.501344 0.258021 0.500125 0.264521 0.500125 0.273604
0 0.532844 0.282083 0.543594 0.277292 0.552562 0.279687 0.559734 0.282083 0.563312 0.28925 0.566906 0.28925 0.565109 0.301208 0.561531 0.301208 0.552562 0.308375 0.548969 0.303583 0.541813 0.301208 0.532844 0.294021 0.532844 0.284479
0 0.524484 0.2775 0.5 0.29125 0.479375 0.272354 0.472938 0.318729 0.503859 0.315312 0.519328 0.318729 0.5335 0.298125
0 0.609375 0.298187 0.621094 0.266937 0.609375 0.253917 0.570312 0.266937 0.603516 0.282562 0.554688 0.279958 0.572266 0.329437 0.623047 0.292979
0 0.335938 0.277354 0.332031 0.316417 0.314453 0.319021 0.283203 0.287771 0.296875 0.266937 0.316406 0.259104 0.332031 0.259104 0.337891 0.282562
0 0.693203 0.607979 0.710094 0.582646 0.720656 0.558708 0.772391 0.5545 0.780844 0.589688 0.788234 0.630521 0.767109 0.657271 0.7365 0.655854 0.717484 0.636146 0.710094 0.596729
0 0.518766 0.377125 0.523859 0.365375 0.52825 0.359521 0.537406 0.356792 0.551625 0.366292 0.552641 0.374875 0.554344 0.392042 0.539438 0.397896 0.523859 0.391583 0.519453 0.386167 0.519453 0.381188
0 0.785109 0.478021 0.803172 0.479104 0.815203 0.488188 0.821609 0.495146 0.828438 0.503167 0.83125 0.521333 0.825625 0.549146 0.816 0.562521 0.799953 0.578562 0.794344 0.587667 0.786719 0.584458 0.782312 0.576958 0.781906 0.564125 0.780703 0.555042 0.778297 0.55075 0.774281 0.544333 0.769875 0.537396 0.771484 0.532583 0.778703 0.514396 0.781906 0.49675 0.785516 0.479625
