0 0.157518 0.413547 0.143841 0.405578 0.142998 0.39475 0.14897 0.381641 0.166909 0.369109 0.185691 0.366266 0.211288 0.369688 0.222389 0.374812 0.23007 0.381641 0.228384 0.394188 0.224965 0.403297 0.221546 0.411266 0.217283 0.412984 0.207892 0.407281 0.189953 0.407281 0.172014 0.408984 0.166042 0.411844
0 0.514286 0.635016 0.546019 0.636703 0.571429 0.638406 0.587939 0.632469 0.59555 0.618062 0.590468 0.602812 0.556183 0.592656 0.523162 0.594344 0.510468 0.598578 0.505386 0.615531 0.512998 0.630781
0 0.750234 0.542484 0.734005 0.543969 0.712623 0.550359 0.704496 0.562672 0.705246 0.572016 0.712623 0.580875 0.717049 0.586281 0.73548 0.581859 0.75171 0.581859 0.769415 0.581859 0.788595 0.581859 0.792272 0.582359 0.796698 0.569063 0.797447 0.55775 0.784895 0.546922 0.769415 0.545438 0.763513 0.543469
0 0.0357377 0.447953 0.0381733 0.426063 0.0697658 0.418766 0.0964871 0.410656 0.147518 0.400938 0.159672 0.416344 0.140234 0.434172 0.158454 0.443094 0.220422 0.443094 0.227705 0.31825 0.210703 0.309344 0.17911 0.313391 0.16089 0.297984 0.118361 0.309344 0.0964871 0.313391 0.0794848 0.297172 0.0418267 0.289078 0.0272365 0.274484 0.00295082 0.272047 0.00257611 0.444094
0 0.823958 0.585016 0.825574 0.550391 0.840164 0.534172 0.882319 0.534172 0.908267 0.546063 0.914754 0.580688 0.880703 0.582844 0.835293 0.585016
0 0.827705 0.523313 0.826253 0.500391 0.844871 0.487031 0.856323 0.487984 0.870632 0.502297 0.900679 0.497531 0.907845 0.517578 0.899251 0.531906 0.866347 0.531906 0.850585 0.529031
0 0.493677 0.594422 0.488173 0.556438 0.515714 0.538047 0.578173 0.539281 0.598384 0.569906 0.592857 0.591969 0.543279 0.584625 0.506534 0.59075
0 0.483513 0.658344 0.484941 0.683172 0.443443 0.685078 0.397658 0.687 0.393349 0.657391 0.410539 0.63925 0.440585 0.638297 0.466347 0.644984
0 0.394778 0.596859 0.383841 0.587953 0.382623 0.580656 0.382623 0.571734 0.386253 0.563625 0.39356 0.553906 0.402061 0.549844 0.416628 0.545797 0.438501 0.545797 0.449438 0.544984 0.46281 0.549844 0.474965 0.555531 0.478595 0.561203 0.483466 0.5685 0.485902 0.577406 0.479813 0.588766 0.476159 0.590375 0.443372 0.583078 0.43 0.583078 0.415433 0.583891 0.404496 0.593625
0 0.396487 0.540562 0.379859 0.501141 0.426019 0.490062 0.474028 0.487594 0.50356 0.502375 0.560796 0.49375 0.603279 0.531937 0.573724 0.5455 0.527564 0.536875 0.492482 0.546719 0.4574 0.547953 0.389087 0.5455
0 0.403255 0.642391 0.394098 0.634344 0.390258 0.613469 0.401803 0.599 0.423489 0.591297 0.449485 0.589359 0.469227 0.593859 0.480796 0.601578 0.484169 0.610578 0.485129 0.632422 0.474052 0.640141 0.463466 0.643344 0.44466 0.638203 0.428782 0.637563 0.418665 0.638531 0.406136 0.639484 0.404215 0.642062
0 0.684778 0.579156 0.65178 0.571219 0.613489 0.580031 0.610843 0.564172 0.620094 0.546563 0.641218 0.540391 0.672904 0.538625 0.69007 0.549203
0 0.620047 0.629891 0.613185 0.611906 0.620585 0.592844 0.643326 0.582266 0.662365 0.581203 0.683513 0.585797 0.694098 0.594266 0.697799 0.599906 0.698852 0.607672 0.698852 0.617203 0.69726 0.62425 0.682459 0.625312 0.675059 0.627422 0.668712 0.629891 0.666066 0.629891 0.65548 0.628484 0.644918 0.627781 0.634333 0.628484 0.626932 0.629891
