0 0.551487 0.942941 0.540507 0.942304 0.53018 0.92165 0.523088 0.915833 0.522435 0.91067 0.523725 0.90616 0.524379 0.902288 0.531471 0.894542 0.534706 0.892598 0.537288 0.891307 0.543742 0.889379 0.54567 0.889379 0.556634 0.888742 0.559869 0.888742 0.565033 0.89067 0.573415 0.893889 0.577941 0.897761 0.583742 0.902288 0.591487 0.911961 0.586324 0.933905 0.574706 0.944232
0 0.425196 0.771748 0.447418 0.770621 0.462794 0.778595 0.467925 0.805931 0.461667 0.812761 0.442859 0.819036 0.429199 0.816193 0.414379 0.791127 0.41268 0.788268
0 0.410425 0.740768 0.415114 0.730229 0.427402 0.720278 0.438824 0.719101 0.451993 0.719395 0.461373 0.725833 0.466928 0.750425 0.462239 0.766536 0.452876 0.772386 0.427402 0.771503 0.42067 0.769461 0.408088 0.753644
0 0.385016 0.766683 0.374804 0.746977 0.374804 0.732386 0.389395 0.722908 0.400327 0.717075 0.416373 0.725098 0.40835 0.745523 0.417108 0.765948 0.414199 0.768137 0.398873 0.771046 0.392304 0.771046
0 0.305359 0.63116 0.319265 0.63116 0.327565 0.635229 0.334706 0.641601 0.338382 0.651634 0.336634 0.670376 0.311928 0.672876 0.292222 0.671732 0.28951 0.664199 0.287974 0.652598 0.28951 0.646422 0.29299 0.640441 0.296863 0.636569
0 0.495621 0.923873 0.505212 0.914281 0.529706 0.920686 0.543562 0.943056 0.535033 0.965425 0.524379 0.973954 0.495621 0.93134
0 0.337974 0.628529 0.351242 0.630686 0.364167 0.639297 0.369199 0.648268 0.368121 0.655458 0.365964 0.661193 0.340114 0.668725 0.338693 0.664788 0.339755 0.648627 0.336176 0.639657
0 0.552157 0.888627 0.561487 0.878611 0.567026 0.876176 0.578088 0.872026 0.587092 0.871683 0.59469 0.873415 0.602647 0.878611 0.607827 0.884477 0.611634 0.894167 0.614412 0.903497 0.615784 0.909722 0.609216 0.922892 0.606111 0.927402 0.594003 0.92567 0.591928 0.924967 0.590882 0.917712 0.591585 0.913905 0.590882 0.908023 0.583971 0.9025 0.579134 0.895229
0 0.562516 0.742533 0.572271 0.736585 0.588431 0.735637 0.591291 0.731356 0.584395 0.716846 0.571797 0.711144 0.553235 0.71518 0.548007 0.732549 0.553235 0.746111 0.559428 0.747778
0 0.731846 0.858448 0.759951 0.858448 0.765915 0.846111 0.762925 0.826944 0.749314 0.816307 0.732696 0.812467 0.718644 0.825245 0.71567 0.840572 0.719069 0.852925 0.728873 0.858873
0 0.322075 0.772173 0.358954 0.789167 0.366961 0.789886 0.377402 0.789886 0.386618 0.780915 0.386618 0.771209 0.384428 0.764167 0.375703 0.753007 0.363317 0.745964 0.34415 0.743301 0.338562 0.749118 0.327647 0.759069 0.322549 0.763676
0 0.508856 0.867565 0.498154 0.877729 0.497631 0.890572 0.512598 0.901797 0.521683 0.911961 0.524363 0.902337 0.532386 0.891634 0.545752 0.88683 0.540408 0.878268 0.541471 0.870784 0.536127 0.866503 0.529183 0.863824 0.524902 0.863824 0.511536 0.867565
0 0.618693 0.731634 0.600833 0.721225 0.600833 0.701879 0.615719 0.698905 0.627631 0.700392 0.630605 0.713775 0.628366 0.721225
