0 0.443781 0.659696 0.435234 0.659391 0.431156 0.660609 0.428922 0.66459 0.432578 0.673138 0.435844 0.677096 0.448672 0.677096 0.463953 0.677096 0.456828 0.67007 0.447656 0.662131
0 0.363 0.691358 0.364297 0.715948 0.396234 0.733419 0.403141 0.69719 0.394937 0.684262 0.376391 0.68103
0 0.505297 0.789274 0.496531 0.778314 0.494578 0.763724 0.498969 0.74185 0.513078 0.728712 0.527672 0.736019 0.535953 0.743302 0.538391 0.769578 0.536922 0.784169 0.528656 0.792904
0 0.382125 0.851241 0.359906 0.834122 0.3515 0.826932 0.350297 0.814333 0.353297 0.79993 0.3605 0.782834 0.378516 0.785527 0.394141 0.792717 0.397141 0.791827 0.400141 0.78103 0.411547 0.777424 0.424156 0.784637 0.430766 0.78822 0.447578 0.791827 0.450578 0.807119 0.451781 0.830539 0.443984 0.846721 0.441578 0.847635 0.434969 0.855738 0.419359 0.864731 0.40975 0.868337 0.400734 0.867424
0 0.278938 0.710304 0.267437 0.695363 0.254391 0.695363 0.242109 0.696511 0.241344 0.702272 0.240578 0.712623 0.240578 0.721803 0.242875 0.732155 0.243641 0.739063 0.243641 0.741358 0.245172 0.749415 0.249016 0.752857 0.252859 0.757471 0.266656 0.762061 0.273563 0.762061 0.278172 0.759766 0.284313 0.752857 0.285844 0.752857 0.291219 0.750562 0.301187 0.750562 0.305797 0.749415 0.312703 0.744824 0.313469 0.743653 0.313469 0.737916 0.313469 0.731007 0.311172 0.725269 0.305797 0.711475 0.301953 0.706862 0.298125 0.706862 0.287375 0.717213 0.284313 0.718361 0.283547 0.719508 0.281234 0.721803 0.280469 0.721803 0.280469 0.719508 0.278938 0.714918
0 0.300344 0.800422 0.293187 0.786417 0.294281 0.764145 0.299781 0.754262 0.313547 0.746019 0.322344 0.746019 0.327297 0.748478 0.331141 0.75178 0.333891 0.756721 0.335 0.760023 0.336094 0.762506 0.333891 0.770749 0.33225 0.776511 0.331141 0.783115 0.3295 0.792178 0.331141 0.7963 0.330047 0.799602 0.328391 0.804543 0.32675 0.806206 0.322891 0.807026 0.317391 0.805386 0.311344 0.802084 0.305844 0.801265 0.300891 0.800422
0 0.332719 0.808337 0.329953 0.785082 0.331062 0.768478 0.340469 0.761007 0.355984 0.761007 0.368719 0.76267 0.372594 0.772623 0.372047 0.7826 0.359859 0.791733 0.353219 0.804169 0.341031 0.812482 0.337156 0.805831
0 0.254859 0.692951 0.254859 0.692951 0.246375 0.682553 0.240203 0.670984 0.227109 0.665222 0.214 0.664052 0.197047 0.67445 0.193969 0.696393 0.205531 0.713724 0.220938 0.720656 0.228641 0.719508 0.234047 0.711429 0.24175 0.697564
0 0.404016 0.732014 0.400906 0.718056 0.40475 0.701967 0.413172 0.69555 0.425172 0.695316 0.437188 0.706464 0.438609 0.711616 0.42775 0.717611 0.423609 0.725948 0.422609 0.733232 0.417469 0.728525 0.408172 0.728103
0 0.180922 0.689321 0.162109 0.669016 0.167375 0.652108 0.177156 0.638571 0.190703 0.639696 0.200484 0.647588 0.204234 0.636323 0.213266 0.631803 0.216281 0.632927 0.223047 0.630679 0.229828 0.629555 0.237344 0.628407 0.241109 0.627283 0.247125 0.622787 0.258406 0.634052 0.262922 0.639696 0.264437 0.649836 0.264437 0.664496 0.252391 0.665621 0.244109 0.669016 0.237344 0.670141 0.223797 0.663372 0.211016 0.667892 0.201234 0.679157 0.195969 0.697213 0.186188 0.691569 0.180172 0.689321
0 0.358391 0.693279 0.392 0.641686 0.445281 0.656417 0.470688 0.676089 0.490359 0.685925 0.523969 0.699438 0.443641 0.75103 0.354297 0.696979
0 0.3415 0.69534 0.3495 0.696534 0.356172 0.701335 0.363094 0.713326 0.351891 0.716112 0.345234 0.720913 0.341766 0.728501 0.340703 0.732904 0.334562 0.737705 0.330562 0.742904 0.327625 0.742904 0.327891 0.728899 0.326297 0.714122 0.3295 0.705714 0.334297 0.698923 0.340703 0.69534
0 0.462078 0.756815 0.464062 0.736674 0.468047 0.72623 0.474016 0.724731 0.482484 0.72548 0.489453 0.727728 0.495422 0.732951 0.496922 0.734426 0.498906 0.736674 0.498906 0.741148 0.498906 0.747869 0.496422 0.754567 0.494922 0.768009 0.494422 0.776206 0.489453 0.778431 0.4775 0.774707
