0 0.563797 0.626066 0.571391 0.619789 0.570609 0.604075 0.567203 0.598993 0.560125 0.598197 0.555406 0.600937 0.555156 0.60644 0.556719 0.614286 0.559078 0.620187 0.561172 0.626066
0 0.622812 0.622904 0.620203 0.63007 0.623156 0.632272 0.628734 0.631077 0.638625 0.62904 0.639766 0.624262 0.637719 0.619321 0.635781 0.616417 0.631578 0.613349 0.6285 0.613677 0.623609 0.617096
0 0.640422 0.627845 0.638766 0.621218 0.63975 0.616862 0.642094 0.61452 0.646797 0.61178 0.655391 0.620773 0.654609 0.628595 0.644969 0.628595 0.642359 0.628595 0.640531 0.628595
0 0.558312 0.615176 0.555312 0.613443 0.555312 0.613443 0.552312 0.614473 0.549312 0.622436 0.549312 0.62555 0.549312 0.62555 0.551156 0.629016 0.551156 0.629016 0.554156 0.631077 0.554156 0.631077 0.554156 0.631077 0.555547 0.63178 0.556469 0.631429 0.559469 0.629696 0.560625 0.629016
0 0.601281 0.617916 0.596688 0.607096 0.590781 0.613981 0.593734 0.62726 0.599641 0.630234 0.601609 0.618899
0 0.6005 0.629157 0.600609 0.62363 0.601609 0.618946 0.603953 0.617611 0.605625 0.617283 0.607531 0.618782 0.607859 0.618946 0.60775 0.620117 0.606641 0.623817 0.606187 0.628829 0.606187 0.630492 0.599828 0.631499
0 0.581375 0.626066 0.58 0.621569 0.579453 0.616042 0.582766 0.610398 0.583375 0.607752 0.587453 0.607283 0.590906 0.614309 0.590672 0.619368 0.588516 0.624567 0.586672 0.626745 0.583063 0.626979
0 0.543469 0.625831 0.548063 0.625199 0.548344 0.620679 0.546047 0.616393 0.543187 0.613162 0.539891 0.61466 0.539313 0.618314 0.540172 0.6237 0.541469 0.626276
0 0.548578 0.620094 0.545594 0.614426 0.545391 0.610234 0.545984 0.607237 0.547781 0.604567 0.549969 0.603653 0.551562 0.603653 0.555156 0.604848 0.555953 0.610234 0.555953 0.614122 0.552562 0.614426 0.551766 0.615621 0.550969 0.618595 0.550172 0.619789 0.549375 0.620398
0 0.487969 0.614379 0.486141 0.611897 0.486578 0.603817 0.488656 0.599391 0.492312 0.597822 0.496234 0.597166 0.499625 0.598735 0.501281 0.60096 0.50275 0.604075 0.503625 0.607471 0.503625 0.612295 0.501188 0.616347 0.498234 0.617916 0.491969 0.618033 0.490141 0.617002
0 0.512578 0.619813 0.477969 0.623326 0.472312 0.606042 0.4895 0.592295 0.502219 0.58911 0.509047 0.591218 0.514687 0.582061 0.52175 0.585574 0.519406 0.5937 0.526938 0.595105 0.52975 0.601803 0.524344 0.618759
0 0.541922 0.627119 0.535516 0.625878 0.533016 0.607541 0.542188 0.5963 0.542469 0.586721 0.559703 0.578782 0.564984 0.570047 0.571672 0.582553 0.581672 0.5863 0.580562 0.599625 0.583063 0.612553 0.579453 0.617541 0.581672 0.625457 0.574172 0.632974 0.574172 0.632553 0.565828 0.624215 0.5725 0.617119 0.570828 0.602553 0.5675 0.599204 0.557484 0.598384 0.555813 0.60171 0.555547 0.606721 0.551094 0.604215 0.547484 0.605878 0.544969 0.611288 0.544969 0.613794 0.540813 0.614215 0.538578 0.6163
0 0.651016 0.615386 0.655359 0.62171 0.656313 0.626253 0.660422 0.626066 0.663078 0.623349 0.663078 0.62082 0.660781 0.616838 0.657641 0.612857 0.651609 0.613396 0.650766 0.615574
