0 0.881683 0.470621 0.876454 0.473676 0.873905 0.478644 0.874673 0.483873 0.877859 0.486944 0.884869 0.489739 0.894167 0.487696 0.89634 0.482092 0.89634 0.475212 0.892141 0.470997 0.884232 0.470882
0 0.913905 0.47348 0.926912 0.471797 0.935948 0.479346 0.932173 0.491111 0.918938 0.492369 0.908856 0.489216 0.90719 0.485229 0.908856 0.475784
0 0.916601 0.455997 0.925212 0.449722 0.933056 0.452075 0.938137 0.464608 0.933056 0.471275 0.928742 0.472843 0.921683 0.471275 0.916601 0.465784
0 0.925784 0.424869 0.918333 0.430752 0.921863 0.444069 0.941846 0.454641 0.951634 0.449542 0.952418 0.438971 0.945376 0.430359 0.937141 0.424477 0.93049 0.422516
0 0.940948 0.460343 0.94848 0.458399 0.955425 0.460523 0.959101 0.466895 0.955229 0.473088 0.951176 0.477712 0.945392 0.479657 0.935147 0.475016 0.935735 0.467484 0.937663 0.462647
0 0.971242 0.559984 0.949935 0.55616 0.948301 0.549608 0.94665 0.541405 0.951029 0.532663 0.952663 0.525016 0.961961 0.525556 0.966324 0.525556 0.972892 0.52884 0.97616 0.538121 0.97781 0.551781
0 0.960899 0.518252 0.955343 0.514085 0.951176 0.507614 0.951176 0.502516 0.956275 0.494657 0.949788 0.485408 0.948873 0.478922 0.957663 0.471062 0.965065 0.470588 0.971078 0.47152 0.982173 0.477533 0.982647 0.492337 0.977092 0.495114 0.978023 0.509461 0.974771 0.516863 0.968301 0.520098
0 0.909755 0.522516 0.913415 0.540065 0.934608 0.54665 0.949232 0.534216 0.948513 0.528366 0.948513 0.516667 0.941928 0.497663 0.928775 0.491814 0.919265 0.492549 0.913415 0.498399 0.91415 0.510098 0.908301 0.519592
0 0.095817 0.299183 0.103007 0.304428 0.104477 0.311127 0.112663 0.30835 0.115931 0.303611 0.112663 0.294608 0.107745 0.29134 0.10317 0.290196 0.0987582 0.291667 0.095 0.293627 0.0933497 0.295261 0.0928595 0.297386 0.0951634 0.3
0 0.43884 0.515065 0.431225 0.515425 0.427745 0.511258 0.427402 0.506405 0.427402 0.501895 0.433301 0.497402 0.440572 0.494967 0.448203 0.497745 0.448889 0.505016 0.448889 0.513333 0.446471 0.516111 0.431912 0.516454
0 0.856193 0.544428 0.859167 0.556895 0.868676 0.561046 0.874608 0.559265 0.881144 0.556895 0.885294 0.553333 0.885899 0.549771 0.884706 0.541454 0.880539 0.537892 0.876977 0.535523 0.872827 0.535523 0.863333 0.535523 0.859167 0.537892
0 0.871536 0.490523 0.859624 0.491797 0.85451 0.487108 0.851961 0.481144 0.85281 0.477745 0.857908 0.474346 0.868137 0.473056 0.875801 0.479869 0.87665 0.487533
0 0.100294 0.258007 0.104771 0.252892 0.104346 0.246258 0.100294 0.238578 0.0945261 0.229592 0.0829902 0.225964 0.0522222 0.227892 0.0524346 0.245408 0.0592647 0.25268 0.0744444 0.250327 0.0829902 0.244559 0.0870425 0.25951
