0 0.767188 0.516376 0.772641 0.510871 0.779406 0.508141 0.787219 0.511271 0.792422 0.518329 0.795797 0.528518 0.798656 0.538306 0.798141 0.543788 0.796578 0.545365 0.795797 0.550447 0.791641 0.549671 0.790078 0.555929 0.788 0.557882 0.783578 0.560235 0.78175 0.562212 0.782797 0.545365 0.779672 0.535553 0.774719 0.529294 0.766922 0.526541 0.765094 0.528518 0.766406 0.521859
0 0.788266 0.511906 0.794766 0.513435 0.800234 0.524118 0.804281 0.538471 0.80125 0.543953 0.798609 0.541529 0.795172 0.527482 0.791719 0.519835 0.788469 0.512518
0 0.813344 0.537341 0.809688 0.517435 0.806578 0.5136 0.801234 0.510635 0.802922 0.503012 0.808281 0.4992 0.813625 0.501318 0.817844 0.506824 0.819531 0.509788 0.822625 0.518282 0.824031 0.525482 0.824875 0.531412 0.824312 0.536071 0.816156 0.538188
0 0.792641 0.471294 0.800656 0.473294 0.806328 0.481835 0.807328 0.494918 0.806656 0.500447 0.796984 0.506471 0.794969 0.481341 0.791297 0.472282
0 0.769047 0.512165 0.765781 0.514329 0.760344 0.500682 0.751266 0.495765 0.752719 0.489741 0.757812 0.4832 0.765062 0.484824 0.769781 0.492471 0.774141 0.502329 0.773406 0.512165
0 0.723938 0.485341 0.718922 0.488918 0.713891 0.489553 0.711531 0.486824 0.710406 0.482612 0.709156 0.477365 0.709297 0.473176 0.711672 0.471082 0.715016 0.468776 0.717797 0.467506 0.719187 0.467294 0.722547 0.467294 0.724766 0.4696 0.725047 0.477153 0.725047 0.482212 0.724906 0.485976 0.723938 0.486188 0.722687 0.486612
0 0.618078 0.543341 0.607187 0.544447 0.5905 0.547718 0.581422 0.541718 0.574172 0.541718 0.573078 0.515482 0.577797 0.499647 0.588313 0.487624 0.606469 0.493624 0.610453 0.505106 0.617344 0.509482 0.620609 0.517671 0.621344 0.525318 0.621344 0.530776
0 0.653797 0.654941 0.639031 0.657906 0.632141 0.654941 0.628203 0.632706 0.613438 0.619365 0.615406 0.608988 0.621312 0.598612 0.638047 0.594165 0.659703 0.592682 0.669562 0.613435 0.664625 0.644565
0 0.764328 0.484847 0.767172 0.479153 0.770484 0.476047 0.777281 0.473906 0.782969 0.472259 0.787391 0.472024 0.791344 0.472965 0.795453 0.480329 0.797656 0.499129 0.795453 0.510071 0.791656 0.511012 0.785969 0.511012 0.773969 0.507694 0.771906 0.491271 0.769391 0.489129
0 0.593344 0.547224 0.612656 0.542541 0.62325 0.5416 0.622625 0.529412 0.630094 0.528471 0.646297 0.530353 0.649422 0.546282 0.652531 0.557553 0.657516 0.5688 0.657516 0.587576 0.650047 0.587576 0.636328 0.596965 0.6245 0.597906 0.615141 0.604471 0.609531 0.606353 0.600812 0.616659 0.592094 0.619482 0.587734 0.626047 0.58275 0.606353 0.577141 0.581012 0.567172 0.556612 0.557828 0.549106 0.561562 0.538776 0.566547 0.535035 0.573406 0.534094 0.590844 0.5416 0.593969 0.542541
0 0.814516 0.5 0.819906 0.505835 0.823781 0.519153 0.825719 0.532141 0.827672 0.534729 0.832625 0.534094 0.836938 0.530188 0.840609 0.523694 0.841031 0.516235 0.839953 0.505835 0.839094 0.502588 0.836938 0.498376 0.832625 0.494141 0.828953 0.491882 0.824 0.491882 0.819688 0.492212 0.816453 0.498047
0 0.741859 0.491506 0.748141 0.486 0.753562 0.483176 0.753188 0.478424 0.749656 0.474635 0.744125 0.472729 0.736187 0.4716 0.732031 0.472729 0.730141 0.475765 0.731531 0.478988 0.735563 0.484118 0.738203 0.489624 0.739469 0.493224
0 0.634391 0.527788 0.649016 0.520235 0.660172 0.521976 0.671719 0.532424 0.675188 0.547482 0.675188 0.561412 0.670578 0.568941 0.66325 0.574729 0.661328 0.580541 0.659797 0.576471 0.657875 0.570682 0.655563 0.555035 0.646703 0.541106
