0 0.382031 0.335642 0.371 0.30799 0.365484 0.273801 0.369047 0.242639 0.384313 0.219007 0.398906 0.209952 0.421938 0.207942 0.446922 0.224528 0.454719 0.28184 0.445312 0.297433 0.419672 0.310508 0.409297 0.337651 0.406375 0.354262 0.388203 0.342688
0 0.544578 0.25477 0.544578 0.285254 0.553438 0.325666 0.559828 0.341671 0.572125 0.324891 0.598187 0.318789 0.617375 0.334044 0.623281 0.340145 0.627703 0.330993 0.637531 0.302785 0.640984 0.282203 0.640984 0.258596 0.638031 0.247167 0.629172 0.229637 0.624266 0.221235 0.614906 0.211332 0.606062 0.206755 0.592781 0.20523 0.569672 0.20523 0.549016 0.23724
0 0.569906 0.606731 0.558297 0.586513 0.558297 0.55954 0.564109 0.521356 0.569906 0.498886 0.578609 0.489879 0.609063 0.494383 0.625016 0.512349 0.639516 0.534843 0.638062 0.568547 0.626453 0.597748 0.603266 0.608983 0.590203 0.611235
0 0.489547 0.40155 0.482688 0.381065 0.483672 0.352228 0.493953 0.328692 0.505219 0.321114 0.516469 0.318087 0.52675 0.318087 0.537531 0.324915 0.553203 0.360581 0.552703 0.384092 0.546344 0.394722 0.544375 0.400024 0.533609 0.386368 0.521375 0.388644 0.508641 0.396998 0.501781 0.404576 0.496406 0.409128
0 0.521781 0.477676 0.538219 0.479637 0.553406 0.495327 0.559734 0.522785 0.558469 0.545327 0.548984 0.573753 0.535062 0.591404 0.505969 0.583559 0.492672 0.570823 0.483812 0.517869 0.497109 0.490436 0.507234 0.48063
0 0.565375 0.49661 0.558109 0.462833 0.568281 0.424552 0.588625 0.406538 0.623516 0.417797 0.633687 0.474092 0.627875 0.505642 0.611891 0.492107 0.581359 0.487603 0.569734 0.507893
0 0.421047 0.313777 0.413812 0.351913 0.41525 0.385545 0.423937 0.403487 0.445641 0.381065 0.476031 0.381065 0.481813 0.351913 0.481813 0.331719 0.473125 0.309298 0.458656 0.298087 0.432625 0.309298
0 0.656141 0.501429 0.647844 0.478281 0.643281 0.464165 0.638719 0.447458 0.639969 0.424334 0.647016 0.404407 0.652 0.389637 0.663188 0.374867 0.672312 0.37293 0.688469 0.373584 0.697594 0.374867 0.703406 0.378717 0.713766 0.388354 0.724547 0.406973 0.725375 0.421114 0.727453 0.446174 0.729109 0.465448 0.723297 0.477651 0.718328 0.482785 0.705063 0.478281 0.685984 0.473148 0.672312 0.484068 0.663594 0.500145
0 0.478828 0.549927 0.467516 0.555763 0.449922 0.557724 0.443016 0.555763 0.436094 0.538257 0.431703 0.52753 0.430438 0.511961 0.431078 0.494431 0.434844 0.478838 0.439234 0.468136 0.451813 0.458402 0.458719 0.458402 0.467516 0.45937 0.476938 0.465206 0.480719 0.471065 0.485109 0.487603 0.48825 0.504165 0.487 0.52753 0.480078 0.545061
0 0.509797 0.398571 0.518672 0.391065 0.530766 0.392324 0.542859 0.399831 0.551734 0.408571 0.559 0.438571 0.559 0.461065 0.551734 0.486053 0.538828 0.481065 0.526734 0.477312 0.510609 0.481065 0.500922 0.484818 0.492859 0.479806 0.487219 0.462324 0.489641 0.437312 0.489641 0.417312
0 0.451312 0.381961 0.461703 0.381961 0.475797 0.384262 0.481734 0.3946 0.487672 0.411864 0.488422 0.422203 0.488422 0.442906 0.484703 0.456707 0.481 0.46477 0.468375 0.456707 0.4565 0.456707 0.438703 0.46937 0.426078 0.483172 0.414953 0.450969 0.414953 0.423366 0.422375 0.403801
0 0.526406 0.310121 0.510453 0.319104 0.48725 0.343826 0.484344 0.343826 0.47275 0.3146 0.462594 0.289879 0.459687 0.276416 0.461141 0.242688 0.47275 0.213487 0.495953 0.206731 0.517703 0.213487 0.539453 0.242688 0.543797 0.289879 0.532203 0.319104
0 0.558938 0.422228 0.549453 0.390363 0.549453 0.358499 0.558938 0.326634 0.568422 0.314383 0.60875 0.314383 0.622203 0.351162 0.632484 0.380557 0.623781 0.405061 0.615875 0.413656 0.596891 0.40385 0.565266 0.424673 0.565266 0.424673
