0 0.502578 0.511995 0.489125 0.527723 0.462203 0.552441 0.44125 0.568169 0.432281 0.58838 0.402359 0.590634 0.381422 0.574906 0.345531 0.541197 0.330562 0.500751 0.324578 0.419859 0.348516 0.370423 0.366469 0.350188 0.393391 0.343451 0.411344 0.359178 0.44275 0.37716 0.460703 0.38615 0.456219 0.399624 0.44575 0.404131 0.439766 0.410869 0.44575 0.435587 0.456219 0.451315 0.481641 0.469296 0.505578 0.476033 0.508563 0.478286 0.511562 0.489507 0.505578 0.509742
0 0.247078 0.416784 0.247078 0.416784 0.194625 0.478075 0.162 0.479812 0.123531 0.471056 0.0943906 0.439554 0.0804062 0.397535 0.0780781 0.366009 0.251734 0.350258 0.262219 0.355516 0.264547 0.364272
0 0.134891 0.313732 0.162953 0.359507 0.238297 0.349883 0.251125 0.32939 0.271969 0.292066 0.275172 0.283638 0.275172 0.283638 0.275172 0.283638 0.207031 0.281221
0 0.107703 0.213099 0.122656 0.258052 0.122656 0.258052 0.137609 0.291761 0.149578 0.307488 0.182484 0.305235 0.213891 0.291761 0.243812 0.285023 0.26625 0.278286 0.278219 0.23108 0.273734 0.219859 0.242313 0.219859 0.218391 0.222089 0.180984 0.208615 0.163047 0.206362 0.148078 0.206362 0.133125 0.206362 0.119656 0.208615
0 0.230187 0.217324 0.200891 0.18993 0.189828 0.142981 0.195687 0.136127 0.312875 0.155704 0.323953 0.159601 0.332406 0.163521 0.280328 0.212418 0.272516 0.216338
0 0.332937 0.161714 0.334125 0.107934 0.353812 0.0299765 0.391391 0.0496948 0.414047 0.0855399 0.405703 0.124953 0.396156 0.142887 0.381844 0.137512 0.356797 0.144671 0.337703 0.15723
0 0.217781 0.460047 0.250859 0.427746 0.301031 0.394624 0.344031 0.37392 0.350656 0.376408 0.321437 0.422793 0.319781 0.477441 0.341281 0.523005 0.304344 0.534601 0.260781 0.527981 0.240391 0.511408 0.221641 0.490704 0.210062 0.472488
0 0.2885 0.297324 0.264266 0.307347 0.265109 0.333709 0.276797 0.371385 0.292687 0.388967 0.352844 0.370117 0.359531 0.347535 0.357016 0.267183 0.352016 0.263427
0 0.44075 0.423427 0.464734 0.466221 0.509719 0.472981 0.544187 0.457207 0.542687 0.409906 0.556187 0.394155 0.580172 0.400892 0.596656 0.37162 0.605656 0.328826 0.611656 0.308568 0.583172 0.268028 0.574172 0.259014 0.530703 0.310822 0.44975 0.403146 0.43625 0.405399
0 0.463687 0.384272 0.487625 0.370798 0.492109 0.278662 0.466688 0.249437 0.430781 0.224718 0.397875 0.204484 0.370953 0.202254 0.347016 0.262911 0.363469 0.285399 0.358984 0.352817 0.387406 0.341573 0.457703 0.386526
0 0.33225 0.168333 0.333062 0.112817 0.347516 0.0560798 0.311375 0.0790141 0.296109 0.124883 0.296906 0.147817 0.33225 0.168333 0.390094 0.182817 0.389297 0.145399 0.407781 0.115235 0.411797 0.0923005 0.415 0.0923005 0.432672 0.114014 0.435094 0.133333 0.422234 0.173169 0.416609 0.190047 0.390094 0.182817
0 0.278359 0.212183 0.278359 0.212183 0.354422 0.144671 0.36825 0.13946 0.390734 0.136878 0.392453 0.188826 0.390734 0.20439 0.373437 0.199202 0.350969 0.248568 0.349234 0.271925 0.293906 0.290117 0.267984 0.274531 0.278359 0.217394
