0 0.584958 0.812859 0.590646 0.805438 0.602021 0.80025 0.618812 0.800812 0.631417 0.806734 0.638583 0.812859 0.633396 0.823234 0.629687 0.833984 0.62525 0.837875 0.617333 0.839734 0.614625 0.827688 0.607208 0.818969 0.592875 0.813406
0 0.446 0.710672 0.4605 0.704641 0.484583 0.711094 0.487167 0.714953 0.505833 0.707219 0.523667 0.712781 0.528479 0.726578 0.535312 0.727484 0.549979 0.721406 0.564187 0.723172 0.573208 0.732609 0.587438 0.724266 0.6085 0.731734 0.617104 0.739484 0.618812 0.742703 0.472542 0.752391 0.469958 0.749812 0.46825 0.740781 0.462208 0.740781
0 0.640438 0.809422 0.649083 0.806531 0.666375 0.805094 0.671667 0.804375 0.672146 0.800406 0.670229 0.795 0.665417 0.792484 0.661583 0.789594 0.653396 0.786703 0.637542 0.781656 0.633208 0.781297 0.621208 0.780219 0.615438 0.783828 0.61975 0.789234 0.622167 0.794641 0.620729 0.800047 0.621208 0.802937 0.623604 0.804734 0.628896 0.807625 0.635146 0.8105
0 0.561917 0.820438 0.581833 0.813703 0.593917 0.813703 0.607917 0.817766 0.617688 0.828578 0.61975 0.836109 0.613833 0.847312 0.607396 0.853109 0.573396 0.858516 0.566187 0.856391 0.558458 0.849437 0.555896 0.841703 0.555896 0.836109 0.556417 0.830313
0 0.520292 0.821453 0.53475 0.820562 0.543333 0.821453 0.553083 0.826719 0.555438 0.839312 0.556208 0.843109 0.532396 0.8475 0.516 0.857156 0.5125 0.846031 0.507021 0.835797 0.516396 0.837547 0.522646 0.83725
0 0.566354 0.867437 0.566917 0.857219 0.557833 0.849125 0.541375 0.846141 0.522062 0.850828 0.518083 0.854656 0.525479 0.870406 0.528875 0.875094 0.549875 0.872547 0.564646 0.869984
0 0.567187 0.869812 0.581292 0.861344 0.599646 0.858172 0.608104 0.855 0.610917 0.851828 0.617979 0.847594 0.622208 0.844422 0.627854 0.837 0.6335 0.831719 0.637729 0.82325 0.643375 0.811609 0.647604 0.807375 0.661729 0.802078 0.671604 0.799969 0.674417 0.799969 0.673 0.7915 0.657479 0.788328 0.650438 0.785156 0.644792 0.783031 0.640563 0.781984 0.632083 0.778813 0.632083 0.774578 0.639146 0.768219 0.65325 0.765047 0.673 0.768219 0.680063 0.773516 0.687125 0.776687 0.709687 0.774578 0.723812 0.779859 0.723812 0.789391 0.720979 0.796797 0.719562 0.797859 0.71675 0.801031 0.722396 0.822188 0.722396 0.82325 0.722396 0.828547 0.722396 0.830656 0.722396 0.834891 0.726625 0.837 0.729458 0.839125 0.735083 0.840188 0.737917 0.839125 0.744979 0.840188 0.754854 0.841234 0.759083 0.843359 0.7605 0.848641 0.757667 0.851828 0.752021 0.853938 0.742146 0.857109 0.732271 0.857109 0.71675 0.855 0.708292 0.855 0.701229 0.852875 0.688521 0.856062 0.674417 0.859234 0.65325 0.860281 0.639146 0.863469 0.622208 0.863469 0.601042 0.865578 0.595417 0.866641 0.584125 0.869812 0.579896 0.869812 0.57425 0.869812
0 0.45275 0.550984 0.461625 0.550031 0.474312 0.551703 0.480979 0.553844 0.488583 0.555031 0.494937 0.555984 0.500958 0.556219 0.506021 0.555031 0.506979 0.558359 0.512375 0.558125 0.516188 0.558359 0.522833 0.557656 0.52475 0.556937 0.535833 0.558125 0.553292 0.558359 0.558042 0.557172 0.570729 0.55575 0.570417 0.552172 0.563437 0.547891 0.560896 0.546703 0.556146 0.54575 0.546937 0.54575 0.538375 0.544328 0.527917 0.544813 0.521563 0.546469 0.518708 0.544328 0.507292 0.542672 0.497458 0.543859 0.495875 0.54575 0.493354 0.542188 0.486042 0.540531 0.47875 0.540531 0.472729 0.539094 0.467667 0.541953 0.464813 0.540047 0.456563 0.539328 0.451167 0.539813 0.448313 0.540047 0.447042 0.544562 0.448938 0.548844 0.450208 0.550031
0 0.512563 0.867531 0.460604 0.867531 0.464062 0.84675 0.495229 0.833766 0.519479 0.841562
0 0.257542 0.858391 0.259479 0.839531 0.257542 0.829375 0.257542 0.810516 0.259479 0.797453 0.259479 0.784391 0.267208 0.774234 0.286562 0.769875 0.302042 0.766984 0.319458 0.743766 0.336875 0.739406 0.348229 0.739406 0.356563 0.749 0.360458 0.757328 0.361563 0.759406 0.365458 0.76025 0.376563 0.76025 0.388229 0.762328 0.397125 0.763156 0.402125 0.756078 0.416 0.754828 0.429354 0.757328 0.438792 0.794406 0.508792 0.833172 0.505458 0.835672 0.485458 0.838172 0.467688 0.843578 0.461563 0.850672 0.459354 0.867328
0 0.422958 0.548531 0.4005 0.551438 0.380354 0.545047 0.281938 0.531672 0.282708 0.519469 0.295104 0.516563 0.340833 0.522953 0.364083 0.517141 0.40825 0.523547
0 0.323333 0.554422 0.325625 0.5615 0.400167 0.570922 0.407021 0.563859 0.449292 0.568781 0.447292 0.564703 0.441583 0.563 0.436146 0.565781 0.433 0.563203 0.428729 0.562563 0.422438 0.562563 0.419292 0.562563 0.414167 0.558922 0.408729 0.558063 0.401583 0.560859 0.398167 0.562141 0.393021 0.5645 0.390458 0.5615 0.38675 0.556562 0.379896 0.554859 0.37075 0.5555 0.367042 0.555922 0.360458 0.555719 0.357604 0.556141 0.353896 0.553359 0.349896 0.550781 0.34275 0.550359 0.337896 0.551859 0.337042 0.552281 0.332479 0.551 0.326771 0.552078
0 0.0236667 0.811016 0.0341042 0.799438 0.0454583 0.794672 0.0618125 0.794672 0.0890625 0.804547 0.0940625 0.819531 0.0876875 0.838953 0.0195833 0.835875 0.0186667 0.827359
