0 0.259516 0.144844 0.31175 0.162786 0.340391 0.21659 0.353875 0.288337 0.343766 0.373534 0.306688 0.449771 0.291531 0.4879 0.259516 0.499106 0.225813 0.499106 0.188734 0.490125 0.151656 0.465468 0.123016 0.384761 0.0926875 0.279376 0.102797 0.198649 0.134813 0.147089 0.187047 0.133638 0.225813 0.131393
0 0.174859 0.810062 0.131141 0.751892 0.117687 0.720582 0.117687 0.671351 0.119375 0.572931 0.147953 0.530416 0.19 0.490146 0.22025 0.490146 0.252203 0.499106 0.289188 0.499106 0.311047 0.508046 0.344672 0.543846 0.363172 0.577401 0.378297 0.610956 0.376625 0.644511 0.358125 0.695967 0.337953 0.740707 0.329547 0.774262 0.294234 0.774262 0.237063 0.778732 0.206813 0.785447
0 0.508359 0.842328 0.417156 0.765925 0.403641 0.682765 0.432359 0.570416 0.459375 0.545696 0.570844 0.525468 0.609687 0.525468 0.646844 0.554678 0.665422 0.59289 0.668813 0.604116 0.672187 0.642328 0.6705 0.673784 0.667125 0.689522 0.662047 0.718732 0.653609 0.736694 0.638406 0.772661 0.621516 0.788399 0.592812 0.810852
0 0.516281 0.261268 0.457031 0.268025 0.418094 0.295052 0.394406 0.378378 0.401172 0.488732 0.441797 0.529272 0.523047 0.533784 0.587375 0.533784 0.624609 0.502245 0.660156 0.425676 0.653391 0.319813 0.628 0.263514 0.582297 0.240998
0 0.319922 0.77815 0.375781 0.827713 0.401172 0.953825 0.399484 0.989875 0.113406 0.985364 0.110031 0.920042 0.123562 0.87501 0.147266 0.823202 0.167578 0.800686 0.245438 0.780416 0.289453 0.780416
0 0.415469 0.0112266 0.395203 0.05842 0.398578 0.150561 0.412094 0.213493 0.445875 0.25842 0.498234 0.260665 0.569156 0.251684 0.613078 0.220229 0.646844 0.139335 0.635031 0.02921 0.618141 0.00224532 0.412094 0.00449064
0 0.149969 0.147089 0.124703 0.0843035 0.121328 0.0372141 0.123016 0.00135135 0.188734 0 0.301641 0 0.374094 0.00135135 0.382516 0.0506653 0.362297 0.124657 0.326906 0.173992
0 0.435859 0.87422 0.418422 0.909709 0.408172 0.950624 0.404063 1 0.6645 0.998378 0.661422 0.960187 0.650141 0.91106 0.637844 0.878316 0.613234 0.857859 0.568125 0.848316 0.534281 0.845572 0.49225 0.848316
0 0.00295313 0.177921 0.060375 0.182412 0.0958438 0.213867 0.0941562 0.258815 0.122875 0.39815 0.107672 0.447588 0.0637656 0.465551 0 0.454324 0.00295313 0.193638
0 0.0050625 0.804116 0.0506719 0.783888 0.126672 0.849064 0.121594 0.889522 0.108094 0.911975 0.109781 0.956923 0.116531 0.986133 0.118219 0.988399 0.0084375 0.986133
0 0.0527031 0.774033 0.09175 0.722079 0.121031 0.662328 0.121031 0.574033 0.0976094 0.506486 0.0449062 0.470125 0 0.454553 0 0.768836
0 0.130828 0.0957588 0.131812 0.118212 0.128344 0.14659 0.115937 0.171684 0.0955938 0.182911 0.0822031 0.183555 0.0539219 0.178274 0.0320937 0.175634 0.00132812 0.163763 0 0.0337214 0 0.0238046 0 0 0.119906 0 0.125375 0.00665281 0.132312 0.0627651 0.133313 0.0898129
