0 0.327969 0.363638 0.311594 0.377371 0.304734 0.400258 0.300937 0.427136 0.310828 0.46777 0.328734 0.48608 0.337484 0.487793 0.35425 0.484343 0.367578 0.479765 0.377859 0.462606 0.383188 0.432277 0.381672 0.408826 0.373672 0.387089 0.370625 0.378498 0.369094 0.36993 0.364906 0.363638 0.357297 0.35561 0.337484 0.356761 0.334828 0.360188 0.329875 0.35561 0.327203 0.363638
0 0.553719 0.453756 0.540328 0.439906 0.531953 0.419789 0.52525 0.393357 0.523578 0.36946 0.526938 0.348075 0.529438 0.329202 0.532797 0.31662 0.537813 0.307817 0.546188 0.29777 0.555406 0.285188 0.578016 0.291479 0.588891 0.306573 0.598938 0.322911 0.610656 0.354366 0.612344 0.389601 0.608156 0.417277 0.595594 0.442418 0.576328 0.449977 0.559594 0.453756
0 0.122203 0.732723 0.141047 0.729859 0.135859 0.717136 0.127125 0.70277 0.114281 0.688427 0.111828 0.682277 0.100625 0.680211 0.091625 0.686784 0.0804219 0.696221 0.0755156 0.694577 0.0686875 0.701127 0.0605 0.717958 0.0809688 0.726573 0.097625 0.729859 0.122203 0.732723 0.12875 0.758967 0.144859 0.761033 0.143781 0.764718 0.139406 0.791784 0.133672 0.812723 0.130125 0.824202 0.12275 0.829531 0.114016 0.834859 0.104188 0.833638 0.0968125 0.836502 0.0809688 0.827066 0.0733281 0.811901 0.0659531 0.795493 0.0602188 0.774155 0.0675937 0.776197 0.073875 0.768005 0.0839688 0.764319 0.0998125 0.758568 0.12875 0.758967
0 0.532609 0.435188 0.5105 0.440728 0.494266 0.439624 0.475844 0.430775 0.465516 0.385352 0.464781 0.345469 0.469938 0.32331 0.488375 0.286761 0.498703 0.282324 0.523766 0.282324 0.540719 0.282324 0.549578 0.282324 0.556203 0.284531 0.545156 0.302254 0.534828 0.31777 0.523031 0.370939
0 0.738578 0.391526 0.720313 0.333404 0.732141 0.284953 0.747172 0.251056 0.759 0.239765 0.786937 0.252676 0.800906 0.288192 0.805203 0.320493 0.800906 0.362465 0.786937 0.383451 0.763297 0.407653 0.746109 0.404437
0 0.693953 0.19777 0.689562 0.187488 0.682219 0.164718 0.68125 0.1427 0.680266 0.118474 0.680766 0.105235 0.667563 0.119202 0.657781 0.128732 0.6485 0.134624 0.644094 0.147113 0.643125 0.153709 0.642641 0.166925 0.642641 0.174272 0.647031 0.184554 0.655344 0.192629 0.663156 0.199249 0.670984 0.205117 0.680766 0.207324 0.686625 0.208052 0.692984 0.205117
0 0.545953 0.0598122 0.551578 0.0365258 0.558156 0.0210094 0.574125 0.0132394 0.587281 0.0111268 0.601375 0.0111268 0.618281 0.0273474 0.627672 0.0492254 0.629547 0.0605164 0.620625 0.0612207 0.613578 0.0605164 0.605125 0.0569953 0.587281 0.0569953 0.576 0.0576995 0.563797 0.0576995 0.553 0.0576995
0 0.729797 0.0327465 0.651734 0.0957746 0.648375 0.136127 0.684469 0.103357 0.683625 0.162606 0.699578 0.206737 0.733984 0.213052 0.765047 0.146221 0.765047 0.109648 0.744891 0.071831 0.730625 0.0428169
0 0.626047 0.112465 0.614625 0.0696009 0.593719 0.0553286 0.562344 0.0767606 0.550922 0.113897 0.563281 0.153897 0.557578 0.185305 0.571844 0.218169 0.592766 0.225305 0.622234 0.109601
0 0.80075 0.81392 0.808313 0.851737 0.794875 0.895869 0.7655 0.934953 0.752078 0.941268 0.734453 0.927394 0.719344 0.897136 0.712625 0.858052 0.731094 0.847958
0 0.506859 0.24993 0.521297 0.268146 0.547844 0.270751 0.562281 0.253404 0.570937 0.228239 0.574406 0.209178 0.561125 0.195282 0.557078 0.177089 0.5565 0.163216 0.533422 0.179695 0.514359 0.201362 0.500516 0.207441 0.501094 0.226502 0.507437 0.24385
0 0.983484 0.858779 1 0.869648 0.998687 0.791362 0.975531 0.790282 0.960328 0.793545 0.956703 0.808756 0.9625 0.821808 0.966844 0.838122 0.974078 0.852254
0 0.467641 0.785094 0.502266 0.791878 0.553438 0.780587 0.552687 0.787371 0.530859 0.838239 0.514297 0.847277 0.5 0.848427 0.469906 0.828075 0.467641 0.785094 0.472156 0.757981 0.488719 0.733099 0.509781 0.725188 0.533875 0.722911 0.543656 0.735352 0.549672 0.746667 0.539141 0.752324 0.472156 0.757981
