0 0.750406 0.191 0.757156 0.190667 0.760266 0.192042 0.762344 0.184104 0.764406 0.178562 0.769859 0.175458 0.77375 0.176479 0.774781 0.186521 0.778156 0.194458 0.781781 0.196542 0.781531 0.202062 0.774781 0.208292 0.769078 0.208292 0.763641 0.206229 0.759234 0.215896 0.754047 0.221771 0.749641 0.221771 0.741859 0.215562 0.73875 0.205521 0.741859 0.194125
0 0.784516 0.164333 0.791922 0.166146 0.796234 0.173854 0.797219 0.182417 0.790687 0.191438 0.785266 0.198354 0.778484 0.193583 0.774906 0.183396 0.773438 0.176 0.774547 0.171562 0.77775 0.166958 0.780953 0.163354 0.786125 0.164667
0 0.790672 0.154312 0.796703 0.150729 0.802719 0.151625 0.807547 0.158063 0.810094 0.165188 0.809688 0.172875 0.803125 0.179667 0.798844 0.182333 0.797094 0.180375 0.796422 0.176437 0.795625 0.172333 0.792812 0.167521 0.790406 0.164667 0.788391 0.164833 0.787188 0.160021 0.789328 0.155562
0 0.805734 0.155604 0.808172 0.161562 0.81 0.168313 0.809187 0.175354 0.800672 0.182667 0.797422 0.182396 0.795797 0.186729 0.795594 0.188896 0.800266 0.191062 0.803906 0.192417 0.812438 0.182396 0.814672 0.172104 0.811828 0.164521 0.808781 0.156958 0.804719 0.152625 0.805937 0.1575
0 0.724953 0.135063 0.717812 0.124688 0.723 0.113438 0.731437 0.105646 0.737281 0.109979 0.742469 0.119479 0.743766 0.128146 0.735328 0.135917 0.728844 0.139396
0 0.721891 0.138 0.718359 0.136875 0.714516 0.137375 0.711844 0.140563 0.717531 0.145875 0.723406 0.155479 0.726078 0.159542 0.726938 0.153729 0.726766 0.144375 0.723594 0.139562
0 0.742438 0.447542 0.7455 0.444604 0.749891 0.444021 0.752969 0.444312 0.757141 0.448417 0.760219 0.453979 0.760656 0.458667 0.759125 0.464229 0.756703 0.468625 0.753188 0.472417 0.751437 0.473583 0.749672 0.473875 0.746609 0.473875 0.742219 0.4695 0.739578 0.464521 0.739141 0.459833
0 0.7505 0.443708 0.760344 0.450667 0.7625 0.459688 0.760656 0.468312 0.768344 0.468312 0.768656 0.47775 0.770188 0.490062 0.776344 0.490458 0.785578 0.483083 0.789891 0.47775 0.796344 0.476521 0.798813 0.485542 0.808031 0.485542 0.814813 0.481854 0.815422 0.472 0.825578 0.472833 0.832031 0.466271 0.830188 0.455604 0.833266 0.444521 0.832953 0.435896 0.826812 0.426479 0.817578 0.426875 0.811109 0.429333 0.808953 0.437146 0.806813 0.451083 0.802187 0.453542 0.800656 0.444521 0.796344 0.4355 0.785266 0.434667 0.776656 0.441646 0.772344 0.433042 0.761891 0.432208 0.7545 0.4355
0 0.604234 0.915563 0.60575 0.898667 0.607266 0.894625 0.605234 0.884479 0.608781 0.877729 0.611328 0.871646 0.614875 0.863542 0.620437 0.853396 0.626016 0.846646 0.639703 0.846646 0.641734 0.846646 0.646297 0.845958 0.651359 0.832458 0.653391 0.819604 0.654406 0.816229 0.660984 0.812854 0.667578 0.812188 0.672641 0.808813 0.68075 0.806104 0.686828 0.802042 0.694937 0.795958 0.703047 0.793271 0.721297 0.795958 0.727875 0.800687 0.732437 0.80475 0.730922 0.814875 0.726875 0.823 0.721797 0.831771 0.717234 0.839875 0.714203 0.850021 0.713187 0.858813 0.712172 0.865563 0.708109 0.8615 0.698484 0.858813 0.690891 0.859479 0.681766 0.866917 0.677703 0.872312 0.673156 0.879083 0.668078 0.882458 0.6615 0.87975 0.656422 0.876375 0.647813 0.874354 0.642234 0.876375 0.636656 0.879083 0.629063 0.882458 0.626531 0.884479 0.622984 0.888542 0.618422 0.899354 0.606766 0.914208
0 0.719812 0.694688 0.725281 0.698146 0.729187 0.702667 0.727625 0.713083 0.719812 0.718292 0.714344 0.715875 0.711219 0.709625 0.710953 0.705792 0.712516 0.701625 0.714859 0.698146 0.716688 0.695729 0.719297 0.694688
0 0.786703 0.623563 0.79175 0.621458 0.796312 0.622708 0.800406 0.628167 0.801828 0.636354 0.80025 0.6435 0.793797 0.649792 0.791906 0.649792 0.787656 0.648125 0.784969 0.643292 0.783563 0.634479 0.783406 0.628167
0 0.781375 0.631479 0.777656 0.634479 0.771672 0.631167 0.770687 0.627167 0.770188 0.609917 0.773922 0.606604 0.777891 0.606938 0.783375 0.609917 0.785609 0.614563 0.786859 0.620208 0.785109 0.625521
0 0.792687 0.658083 0.785062 0.662562 0.782828 0.666146 0.782156 0.678396 0.769609 0.681083 0.7705 0.632687 0.778344 0.634479 0.780141 0.639271 0.781484 0.649417 0.789766 0.650312 0.794031 0.655104
