0 0.515553 0.701078 0.521512 0.709094 0.52614 0.717344 0.525485 0.731563 0.516208 0.735219 0.494357 0.736594 0.486095 0.735687 0.484763 0.725594 0.484424 0.717578 0.478465 0.709562 0.478465 0.704063 0.484763 0.699469 0.497336 0.6965 0.512912 0.698562
0 0.425169 0.629297 0.458939 0.669375 0.51842 0.664922 0.542551 0.644875 0.600429 0.644875 0.637404 0.691625 0.627765 0.722797 0.627765 0.816281 0.613296 0.857469 0.55702 0.864141 0.449278 0.870828 0.455711 0.829641 0.465372 0.800703 0.466975 0.763969 0.481445 0.731703 0.481445 0.703875 0.471806 0.669375 0.475011 0.693859 0.458939 0.701641 0.434808 0.687172 0.399436 0.682719 0.378533 0.651563 0.351196 0.632641 0.365666 0.610375 0.399436 0.622625
0 0.989368 0.658312 0.969616 0.661281 0.955034 0.657125 0.943025 0.655344 0.928442 0.652375 0.904424 0.648219 0.885553 0.65 0.849526 0.647031 0.834086 0.643469 0.83237 0.63575 0.841806 0.625063 0.850384 0.623875 0.858104 0.6215 0.870971 0.620313 0.882122 0.620313 0.891558 0.620906 0.901851 0.620906 0.915576 0.622687 0.92158 0.623875 0.930158 0.625063 0.942167 0.627437 0.955034 0.629219 0.967901 0.631594 0.978217 0.63575 0.983363 0.639906 0.985079 0.64525 0.990226 0.650594 0.991941 0.65475 0.991941 0.656531
0 0.373612 0.422938 0.366704 0.431766 0.36754 0.439281 0.38009 0.442906 0.388036 0.442188 0.390339 0.433063 0.390135 0.428141 0.382393 0.421922 0.377788 0.421484
0 0.0430023 0.405953 0.110135 0.405297 0.165147 0.404656 0.225756 0.407234 0.264898 0.401422 0.266772 0.403359 0.267698 0.422719 0.253725 0.426594 0.220158 0.433688 0.143702 0.431766 0.00758465 0.429172 0 0.426594 0.00198646 0.403359
0 0.00799097 0.372859 0.157698 0.377547 0.198307 0.378125 0.258781 0.378422 0.265553 0.378422 0.265553 0.393641 0.261332 0.401547 0.136975 0.403297 0 0.395688 0 0.371109
0 0.0852596 0.343359 0.100813 0.354125 0.109187 0.3475 0.139097 0.349156 0.155847 0.354953 0.165418 0.348328 0.185756 0.353297 0.194131 0.354953 0.195327 0.350813 0.218059 0.353297 0.220451 0.357437 0.226433 0.353297 0.244402 0.353297 0.256366 0.351641 0.26833 0.362406 0.26833 0.365719 0.262348 0.370688 0.250384 0.374 0.232415 0.374 0.206095 0.374 0.189345 0.372344 0.145079 0.372344 0.103205 0.367375 0.0816479 0.371516 0.048149 0.369859 0.0158465 0.365719 0.0062754 0.359922 0.0062754 0.348328 0.0146501 0.341703 0.0361851 0.343359 0.0577201 0.345844 0.0792551 0.341703
0 0.301874 0.412375 0.30693 0.418281 0.317043 0.414781 0.335056 0.416531 0.3493 0.419156 0.359729 0.418063 0.367946 0.421344 0.382822 0.422219 0.411896 0.424422 0.422348 0.424641 0.424244 0.443672 0.416005 0.444547 0.401151 0.444109 0.377427 0.443672 0.342348 0.438203 0.297133 0.430984 0.298713 0.412156
0 0.00365688 0.436484 0.0335666 0.443391 0.0385327 0.444547 0.0418736 0.444547 0.0501806 0.443391 0.0684424 0.436484 0.0817381 0.441094 0.0883747 0.445688 0.0900451 0.445688 0.0950339 0.443391 0.103341 0.439937 0.109977 0.438797 0.119955 0.438797 0.133251 0.439937 0.139887 0.445688 0.144876 0.446844 0.153183 0.445688 0.168126 0.442234 0.174786 0.441094 0.183093 0.445688 0.193047 0.445688 0.196366 0.443391 0.199707 0.441094 0.208014 0.441094 0.216321 0.441094 0.219639 0.442234 0.224628 0.443391 0.229616 0.443391 0.234582 0.442234 0.239571 0.442234 0.242889 0.444547 0.256185 0.439937 0.261174 0.444547 0.261174 0.447984 0.261174 0.454891 0.261174 0.457188 0.256185 0.459484 0.247878 0.459484 0.247878 0.459484 0.241242 0.460641 0.229616 0.462937 0.226275 0.462937 0.219639 0.462937 0.216321 0.462937 0.211332 0.461797 0.201354 0.461797 0.194718 0.461797 0.18474 0.460641 0.183093 0.459484 0.178104 0.458344 0.169797 0.461797 0.164808 0.461797 0.153183 0.461797 0.143205 0.461797 0.136569 0.460641 0.12991 0.459484 0.124944 0.459484 0.116637 0.459484 0.10167 0.461797 0.0933634 0.460641 0.0933634 0.460641 0.0900451 0.460641 0.0767494 0.462937 0.0634537 0.464094 0.0435214 0.460641 0.0418736 0.460641 0.0385327 0.459484 0.0352144 0.457188 0.0169526 0.457188 0.0102935 0.456047 0.00697517 0.456047 0.00697517 0.456047
0 0.0687359 0.314078 0.274763 0.324953 0.264944 0.342609 0.0589165 0.337172 0.00593679 0.337172 0.00397291 0.316797 0.0393002 0.312719
0 0.303025 0.486828 0.304763 0.48175 0.306479 0.478453 0.309503 0.474281 0.313386 0.471281 0.318578 0.468891 0.325485 0.467703 0.328939 0.471578 0.331512 0.475172 0.333251 0.477859 0.335395 0.481438 0.334537 0.486219 0.331941 0.489516 0.327201 0.491609 0.319436 0.491609
0 0.462844 0.702719 0.474808 0.703516 0.481467 0.713016 0.481558 0.718906 0.485147 0.732922 0.477991 0.73925 0.465282 0.739797 0.469255 0.731547 0.467269 0.720281 0.466862 0.719187 0.458916 0.714234 0.450971 0.713125 0.448984 0.711766 0.449345 0.709812 0.449797 0.707937 0.452912 0.705203 0.456546 0.703578
