0 0.483703 0.732583 0.443266 0.764042 0.358984 0.79775 0.2545 0.8 0.230906 0.791021 0.237641 0.721354 0.234266 0.658417 0.2545 0.629208 0.313484 0.611229 0.325281 0.577521 0.347187 0.541583 0.358984 0.534833 0.333703 0.492125 0.325281 0.435958 0.389328 0.382021 0.424719 0.391021 0.443266 0.440458 0.4955 0.456188 0.527531 0.510104 0.512359 0.582021 0.480344 0.633708 0.466859 0.705625
0 0.608422 0.871917 0.549438 0.788771 0.517422 0.770792 0.488766 0.759542 0.492141 0.674167 0.512359 0.60225 0.522469 0.570792 0.532578 0.503375 0.542703 0.469667 0.576406 0.458417 0.615172 0.451688 0.632016 0.442688 0.638766 0.431458 0.667422 0.431458 0.694375 0.447188 0.738203 0.501125 0.751687 0.557312 0.760109 0.687646 0.778656 0.739333 0.770219 0.791021 0.69775 0.826958 0.653937 0.842688 0.605063 0.860667 0.598313 0.853938
0 0.512359 0.468979 0.610109 0.442 0.623594 0.401562 0.660672 0.406062 0.687641 0.376833 0.733141 0.352125 0.763484 0.347625 0.793813 0.311667 0.780344 0.271229 0.765172 0.25325 0.741578 0.208312 0.712922 0.188083 0.685953 0.174604 0.647188 0.152125 0.633703 0.158854 0.616859 0.176833 0.6 0.165604 0.579781 0.149875 0.512359 0.203813 0.4955 0.237521 0.498875 0.271229 0.505625 0.289208 0.508984 0.298187 0.514047 0.327396 0.498875 0.365604 0.493813 0.417292 0.507297 0.459979
0 0.240203 0.649521 0.223328 0.641437 0.212516 0.635125 0.199703 0.620729 0.190922 0.600021 0.19025 0.570333 0.197 0.546917 0.208469 0.529813 0.215891 0.520813 0.23075 0.520813 0.251 0.531625 0.276656 0.535229 0.280031 0.539729
0 0.493266 0.285187 0.479703 0.278146 0.448016 0.280146 0.425766 0.29625 0.414453 0.313333 0.408047 0.336958 0.401641 0.357083 0.406906 0.380208 0.419359 0.384229 0.458203 0.374688 0.483844 0.349042 0.502328 0.330937 0.503078 0.317854 0.495156 0.294229
0 0.678109 0.432646 0.722797 0.365292 0.748062 0.360104 0.755828 0.430042 0.806344 0.406729 0.864641 0.479271 0.866578 0.507771 0.907391 0.520729 0.936531 0.608813 0.919047 0.639896 0.895719 0.652854 0.839375 0.647667 0.837438 0.681354 0.779141 0.70725 0.761656 0.658021 0.751938 0.624354 0.753891 0.564771 0.742234 0.510354 0.70725 0.466313 0.676172 0.440417
0 0.594156 0.0103958 0.598047 0.04675 0.635062 0.0415625 0.640906 0.0623333 0.607797 0.135063 0.697406 0.14025 0.724672 0.184417 0.765578 0.187021 0.804547 0.249354 0.804547 0.254542 0.975969 0.277917 0.999344 0.218188 0.997406 0.00779167
0 0.228672 0.519375 0.213516 0.501062 0.203094 0.468833 0.203563 0.442312 0.213516 0.414521 0.232469 0.394937 0.249047 0.387375 0.278891 0.386104 0.288828 0.391167 0.305891 0.411375 0.309672 0.429688 0.313 0.470104 0.306359 0.502958 0.294516 0.519375 0.282672 0.529479 0.274625 0.534521 0.261828 0.533271 0.247156 0.528208 0.235312 0.523792
0 0.377344 0.0764583 0.413328 0.05075 0.459594 0.0678958 0.484016 0.0987292 0.484016 0.115875 0.423609 0.124437 0.381203 0.129583 0.367062 0.100437 0.377344 0.0781667
0 0.303187 0.281792 0.310516 0.255563 0.320547 0.24425 0.334828 0.239104 0.361437 0.239104 0.382266 0.246812 0.391531 0.258646 0.392687 0.261208 0.396547 0.310583 0.392687 0.329104 0.391141 0.33425 0.386906 0.341458 0.376484 0.341958 0.362219 0.317271 0.358359 0.305958 0.335984 0.294646 0.317844 0.288479
