0 0.0863281 0.596368 0.0795312 0.582689 0.07425 0.557052 0.0716094 0.539953 0.0625469 0.517736 0.0644375 0.502948 0.0791562 0.495542 0.0987813 0.503514 0.106328 0.501226 0.111984 0.484127 0.129344 0.481863 0.142172 0.495542 0.150859 0.50066 0.158031 0.496675 0.158781 0.488137 0.156516 0.468184 0.167078 0.453373 0.179922 0.457925 0.188219 0.473325 0.194641 0.489269 0.204453 0.483561 0.21275 0.471604 0.223312 0.473892 0.227844 0.482995 0.242188 0.47217 0.238406 0.615165 0.188969 0.615165 0.177656 0.602052 0.161422 0.608892 0.159156 0.610024 0.131984 0.611745 0.106328 0.611745 0.0897187 0.605472
0 0.302094 0.552925 0.318891 0.555142 0.325672 0.571156 0.326844 0.580943 0.32125 0.595189 0.304453 0.58941 0.302391 0.573821 0.295906 0.557382
0 0.445141 0.494741 0.446922 0.526769 0.457813 0.510755 0.481391 0.488066 0.475797 0.468939 0.463125 0.462264 0.454578 0.476486 0.445141 0.493396
0 0.543766 0.513726 0.543766 0.49783 0.554312 0.499953 0.569063 0.502075 0.573281 0.521156 0.566953 0.530708 0.552906 0.529646 0.549391 0.520094 0.547281 0.510566
0 0.572828 0.4725 0.569391 0.493184 0.571109 0.508066 0.580109 0.51066 0.59125 0.508066 0.594672 0.499646 0.59725 0.492547 0.596812 0.480259 0.587391 0.467972 0.580531 0.467972
0 0.573 0.589575 0.576391 0.570566 0.581234 0.561792 0.579781 0.556675 0.5575 0.534741 0.559438 0.530354 0.569125 0.527429 0.572516 0.523042 0.572031 0.510613 0.579781 0.511344 0.589953 0.50842 0.599156 0.490873 0.600125 0.485755 0.5885 0.465283 0.595766 0.452854 0.606906 0.454316 0.6195 0.466014 0.629188 0.461627 0.647594 0.481368 0.653891 0.483561 0.659703 0.473325 0.672297 0.470401 0.680531 0.462358 0.687781 0.456509 0.694562 0.453585 0.704734 0.460165 0.709094 0.473325 0.710063 0.485755 0.708609 0.492335 0.708609 0.50184 0.696984 0.512807 0.669875 0.530354 0.654375 0.56033 0.647109 0.554481 0.638391 0.554481 0.627734 0.561061 0.621922 0.569104 0.617563 0.572028 0.617563 0.577877 0.609328 0.581533 0.595281 0.574953 0.586562 0.578608 0.578812 0.585189
0 0.0894062 0.609882 0.0542813 0.610708 0.0592188 0.580071 0.0586719 0.56434 0.0455 0.547759 0.0449531 0.524575 0.0312344 0.488137 0.0301406 0.486486 0.0405625 0.476533 0.0564687 0.500566 0.0641562 0.508019 0.0641562 0.522099 0.077875 0.569292 0.0850156 0.593325
0 0.334406 0.569953 0.327313 0.586604 0.328578 0.596132 0.334094 0.602547 0.339141 0.603019 0.352219 0.601108 0.359141 0.587571 0.352844 0.574717 0.346703 0.565684 0.331578 0.570684
0 0.395562 0.602618 0.385688 0.602618 0.381297 0.595165 0.380203 0.586863 0.383484 0.573632 0.395016 0.567005 0.404344 0.576934 0.408734 0.590189 0.397203 0.607571
0 0.419406 0.333962 0.424234 0.318632 0.435344 0.310613 0.444047 0.310613 0.450812 0.31717 0.453719 0.334693 0.45275 0.352925 0.440656 0.355825 0.428094 0.354387 0.425687 0.342712 0.42375 0.331038
0 0.423 0.495613 0.418094 0.507642 0.420234 0.514575 0.434953 0.521981 0.441078 0.516887 0.440469 0.505778 0.431578 0.492358
0 0.294828 0.556014 0.293094 0.546274 0.301281 0.535236 0.312891 0.533302 0.319984 0.544009 0.322781 0.55342 0.3215 0.560896 0.319984 0.554717 0.307938 0.552783 0.298906 0.551486 0.295891 0.556344
0 0.457 0.599552 0.41625 0.603278 0.411641 0.595802 0.404563 0.581368 0.400672 0.566392 0.406328 0.559976 0.410938 0.554623 0.415906 0.552476 0.420156 0.553019 0.42475 0.546604 0.431484 0.547665 0.448141 0.563703 0.448844 0.586698 0.457703 0.598467
