0 0.43872 0.47156 0.43872 0.46402 0.444747 0.459 0.4588 0.4575 0.468827 0.4585 0.47952 0.46452 0.48288 0.47406 0.484213 0.48108 0.476853 0.48158 0.4628 0.48008 0.454773 0.47456 0.44408 0.47106
0 0.0690667 0.39528 0.05104 0.42004 0.0210133 0.44032 0.012 0.4786 0 0.47636 0.00901333 0.5214 0.00301333 0.55744 0.0480533 0.5732 0.0961067 0.5777 0.180187 0.57996 0.270267 0.56644 0.27328 0.54392 0.306293 0.54392 0.300293 0.51238 0.26728 0.49436 0.249253 0.47184 0.216213 0.46734 0.192187 0.44256 0.138133 0.4268 0.105093 0.39752
0 0.4116 0.50298 0.408347 0.4978 0.40592 0.49292 0.40712 0.48806 0.418507 0.48044 0.430267 0.47252 0.441653 0.4716 0.448133 0.47252 0.455867 0.47618 0.461147 0.48014 0.463973 0.48622 0.463573 0.49262 0.461547 0.50024 0.453013 0.50572 0.447333 0.5106 0.439627 0.5112 0.430693 0.5106 0.424587 0.50786 0.413227 0.5045
0 0.467813 0.93174 0.367173 0.95086 0.30056 0.95192 0.333173 0.96894 0.37992 0.9615 0.394107 0.97106 0.409707 1 0 1 8e-05 0.80418 0.0227733 0.79566 0.0397867 0.78398 0.0624533 0.76696 0.08088 0.75314 0.109227 0.74146 0.154587 0.7574 0.17016 0.7489 0.202773 0.73082 0.258053 0.73402 0.27504 0.7489 0.30056 0.75634 0.31048 0.77016 0.334587 0.7606 0.353013 0.7574 0.384187 0.75634 0.40544 0.77228 0.447973 0.86158 0.469227 0.91154 0.47064 0.92428
0 0.155573 0.39372 0.146187 0.38558 0.134587 0.38586 0.12224 0.38754 0.11136 0.39568 0.111733 0.40608 0.124107 0.4145 0.130453 0.4218 0.139467 0.4277 0.163787 0.43698 0.185893 0.444 0.199013 0.45046 0.21024 0.45776 0.218853 0.46114 0.230853 0.46198 0.249573 0.46114 0.267173 0.45552 0.288507 0.4499 0.284773 0.43894 0.270533 0.4336 0.264187 0.42602 0.25632 0.4204 0.240213 0.4204 0.23832 0.42406 0.23384 0.41676 0.210613 0.41058 0.206133 0.41 0.19752 0.4058 0.168667 0.40382 0.160053 0.40496 0.157067 0.4013
0 0.09592 0.3641 0.0909867 0.35808 0.0916 0.35206 0.0953067 0.34836 0.102693 0.34558 0.1064 0.32986 0.11688 0.328 0.128 0.32292 0.130453 0.3206 0.13416 0.32014 0.148347 0.3206 0.15576 0.32568 0.15576 0.32892 0.159467 0.33448 0.1644 0.3368 0.1724 0.33032 0.1792 0.32938 0.185973 0.33124 0.188453 0.33262 0.194613 0.34142 0.20016 0.34604 0.20016 0.34974 0.194 0.35484 0.189067 0.35484 0.19832 0.35762 0.194 0.36178 0.173013 0.36178 0.167467 0.36086 0.152053 0.35576 0.149573 0.3553 0.143413 0.36038 0.13416 0.3641 0.131067 0.3641 0.123067 0.36362 0.121813 0.36132 0.109493 0.36224 0.107627 0.36456
0 0.363013 0.46054 0.370107 0.44564 0.399947 0.44564 0.438293 0.47014 0.405627 0.48718 0.411307 0.5021 0.428347 0.51914 0.415573 0.51914 0.411307 0.50636 0.38856 0.51168 0.38288 0.51276 0.338853 0.4712 0.364427 0.45736
0 0.27024 0.3012 0.281093 0.3012 0.28424 0.30228 0.2848 0.30356 0.286507 0.2997 0.287947 0.29692 0.287093 0.29456 0.285093 0.29328 0.285093 0.28642 0.293093 0.28236 0.295387 0.27872 0.30024 0.27614 0.309947 0.2755 0.314507 0.27594 0.323947 0.27444 0.328507 0.27314 0.347627 0.27208 0.349627 0.2648 0.347627 0.2618 0.342773 0.26008 0.337067 0.25944 0.337067 0.2558 0.334507 0.25216 0.329067 0.25002 0.322213 0.24808 0.317067 0.24766 0.311093 0.2498 0.30736 0.24702 0.303093 0.24444 0.295947 0.24402 0.289947 0.2483 0.28824 0.25022 0.283947 0.25452 0.27624 0.25794 0.2728 0.26094 0.27168 0.26672 0.27016 0.26822 0.261573 0.26822 0.258293 0.2703 0.25856 0.27844 0.251493 0.28204 0.250747 0.28506 0.248213 0.28754 0.249093 0.29098 0.251093 0.29248 0.2508 0.29568 0.25512 0.29898 0.257707 0.30166 0.26192 0.30336 0.265467 0.30408 0.266773 0.3019 0.270987 0.30142
0 0.573707 0.27864 0.571947 0.27332 0.571333 0.26624 0.571093 0.26026 0.570827 0.25392 0.57408 0.25374 0.576427 0.25476 0.579413 0.2584 0.58016 0.26018 0.583253 0.26166 0.584747 0.26334 0.585387 0.26604 0.58576 0.26642 0.587493 0.26568 0.59024 0.26568 0.592347 0.26558 0.593573 0.26502 0.593947 0.26316 0.594587 0.26018 0.596827 0.25952 0.597067 0.25746 0.599307 0.25738 0.599547 0.25384 0.599653 0.25226 0.601787 0.2516 0.605067 0.25094 0.60576 0.25108 0.60584 0.2489 0.60584 0.24746 0.607893 0.2455 0.60992 0.24534 0.612533 0.24694 0.613307 0.24818 0.610533 0.24968 0.610267 0.25126 0.61176 0.25228 0.61128 0.25498 0.610267 0.25882 0.60952 0.26114 0.609787 0.2631 0.60976 0.26532 0.61056 0.26798 0.611253 0.27176 0.612053 0.27502 0.612747 0.2782 0.611147 0.27914 0.60704 0.27974 0.6012 0.2793 0.598107 0.27802 0.59696 0.27682 0.59352 0.27742 0.59112 0.27648 0.59032 0.27742 0.588827 0.27862 0.58416 0.2793 0.579573 0.27914 0.575227 0.2787
0 0.439227 0.51788 0.445787 0.5089 0.4572 0.50246 0.469493 0.49946 0.488347 0.50996 0.488053 0.51554 0.437493 0.51854
0 0.13968 0.2394 0.14888 0.23788 0.152987 0.24516 0.154 0.25052 0.16168 0.24784 0.163707 0.24478 0.166773 0.23788 0.17344 0.2352 0.178533 0.2417 0.181093 0.25168 0.190293 0.25206 0.18928 0.24286 0.194907 0.24402 0.195413 0.25092 0.2036 0.25244 0.20768 0.24708 0.210747 0.25052 0.2128 0.25474 0.21792 0.2582 0.218933 0.26088 0.225067 0.26126 0.229147 0.2674 0.224053 0.27124 0.221493 0.27124 0.208693 0.27468 0.204107 0.27276 0.201547 0.27238 0.196933 0.27086 0.192347 0.27506 0.18672 0.27354 0.182107 0.27124 0.17344 0.27622 0.17088 0.2743 0.161147 0.27238 0.16064 0.27238 0.155547 0.27276 0.143787 0.27008 0.13712 0.272 0.135093 0.27238 0.129973 0.27468 0.127413 0.27276 0.11872 0.27392 0.115147 0.27468 0.1136 0.27046 0.104933 0.27046 0.103387 0.27008 0.102373 0.26702 0.10184 0.26126 0.10696 0.25628 0.110533 0.2536 0.115653 0.2467 0.123333 0.24784 0.126907 0.2513 0.129333 0.24788 0.133307 0.24712 0.135947 0.24744 0.1364 0.24326 0.137573 0.24018
