0 0.922155 0.365844 0.904854 0.367125 0.893096 0.366875 0.890669 0.358344 0.89931 0.353172 0.90728 0.350078 0.920774 0.350594 0.92251 0.358594 0.920774 0.365844
0 0.960314 0.272469 0.970858 0.274656 0.973494 0.280578 0.964414 0.284953 0.955314 0.289328 0.952092 0.286703 0.949749 0.281891 0.951213 0.278594 0.954435 0.275312 0.959414 0.272469
0 0.94454 0.351469 0.953222 0.349313 0.962385 0.352906 0.967218 0.358328 0.965774 0.365891 0.957071 0.368781 0.947427 0.368781 0.943556 0.367328 0.94454 0.362281
0 0.959728 0.34175 0.971799 0.334672 0.981276 0.337891 0.985586 0.343688 0.983013 0.352703 0.987322 0.366219 0.982155 0.370094 0.969205 0.369437 0.968347 0.357859 0.95887 0.347547 0.954561 0.343688 0.956276 0.341109
0 0.976987 0.330656 0.996548 0.322688 1 0.333313 1 0.3435 0.9841 0.344391 0.976381 0.331984
0 0.967866 0.311859 0.973389 0.303312 0.970816 0.298078 0.962322 0.298344 0.957531 0.3 0.958619 0.305797 0.958619 0.309922 0.962322 0.311312
0 0.942071 0.337453 0.948138 0.344703 0.94613 0.351953 0.927929 0.349828 0.919833 0.352859 0.921444 0.347422 0.922259 0.344094 0.937218 0.341672 0.942887 0.338656
0 0.97364 0.333734 0.976799 0.326453 0.974205 0.320016 0.964456 0.314453 0.952699 0.317016 0.947259 0.320234 0.942092 0.323875 0.944372 0.330734 0.954142 0.337156 0.964749 0.337375
0 0.996485 0.302844 0.999121 0.317109 0.987908 0.326953 0.977364 0.330406 0.976715 0.3245 0.974079 0.318094 0.978682 0.309734 0.98659 0.307766 0.990544 0.304813
0 0.934456 0.313094 0.934079 0.307594 0.941444 0.302375 0.949916 0.302922 0.956172 0.30375 0.958368 0.3065 0.958368 0.315844 0.949184 0.32025 0.942929 0.320516 0.937029 0.316391 0.930042 0.311453 0.930042 0.307875
