0 0.302063 0.4885 0.314844 0.494875 0.327625 0.484229 0.332422 0.467187 0.326828 0.452271 0.30925 0.444812 0.300469 0.450146 0.293281 0.460792 0.298063 0.475708
0 0.199203 0.553562 0.190203 0.557125 0.185547 0.562 0.183891 0.572208 0.188547 0.579313 0.186219 0.596167 0.188547 0.600167 0.201187 0.603729 0.202859 0.604604 0.206188 0.596167 0.210844 0.58375 0.222172 0.57575 0.222828 0.572208 0.2215 0.562896 0.209187 0.552687 0.197203 0.553125
0 0.307188 0.736062 0.339625 0.724042 0.349531 0.704812 0.344125 0.692792 0.335109 0.675979 0.330609 0.668771 0.312594 0.665167 0.292766 0.685583 0.292766 0.702417
0 0.213937 0.554312 0.221062 0.545396 0.235766 0.540646 0.238437 0.534708 0.230422 0.518083 0.215281 0.512729 0.201922 0.516292 0.197469 0.526396 0.205031 0.546583 0.204141 0.550146 0.213937 0.557875
0 0.201109 0.519437 0.192484 0.52625 0.188984 0.517312 0.185469 0.507521 0.1845 0.496875 0.190578 0.491333 0.197594 0.485792 0.204625 0.486646 0.209734 0.489625 0.217719 0.496437 0.220594 0.508792 0.218031 0.515604 0.202703 0.516021
0 0.159406 0.536771 0.149016 0.52875 0.146281 0.505396 0.155031 0.495188 0.165969 0.490812 0.175828 0.492271 0.181844 0.500292 0.187859 0.515625 0.188406 0.524375 0.178016 0.523646 0.165969 0.525104 0.161047 0.538229
0 0.117328 0.577313 0.11425 0.599125 0.0927656 0.595042 0.0825313 0.584125 0.0774219 0.569125 0.0845781 0.551396 0.0948125 0.533646 0.110156 0.529563 0.123469 0.540479 0.128578 0.571854 0.121422 0.5855
0 0.223203 0.6245 0.231828 0.613854 0.242359 0.60875 0.248109 0.609604 0.243641 0.588729 0.229266 0.576396 0.215859 0.580229 0.204047 0.594687 0.207563 0.611313 0.212031 0.615979 0.217781 0.622792
0 0.238094 0.584458 0.224578 0.579042 0.219859 0.578146 0.217156 0.556542 0.217156 0.548458 0.219859 0.546646 0.236063 0.54125 0.248219 0.552958 0.251594 0.556542 0.254969 0.566458 0.252937 0.570958 0.244844 0.578146
0 0.122844 0.638979 0.121687 0.611229 0.141344 0.597354 0.162156 0.603521 0.171422 0.614313 0.171422 0.638979 0.147125 0.659042 0.124 0.638979
0 0.301641 0.420146 0.311953 0.407667 0.316641 0.395167 0.325062 0.388917 0.331625 0.383917 0.340062 0.390167 0.345688 0.393917 0.349437 0.395167 0.353187 0.395167 0.354125 0.392667 0.356 0.390167 0.360687 0.387667 0.371937 0.383917 0.375688 0.382667 0.384125 0.375167 0.391625 0.372667 0.398188 0.380167 0.406609 0.385167 0.413172 0.385167 0.417859 0.385167 0.421609 0.382667 0.425359 0.382667 0.430047 0.382667 0.432859 0.381417 0.437547 0.380167 0.440359 0.378917 0.447859 0.377667 0.452547 0.377667 0.457234 0.377667 0.463797 0.376417 0.470359 0.371417 0.473172 0.371417 0.476922 0.371417 0.480672 0.370167 0.484422 0.373917 0.489094 0.377667 0.492844 0.383917 0.495656 0.385167 0.505031 0.396417 0.505031 0.396417 0.519094 0.412667 0.535031 0.422646 0.539719 0.427646 0.545344 0.431396 0.549094 0.433896 0.554719 0.436396 0.559406 0.446396 0.565031 0.452646 0.567844 0.457646 0.573453 0.465146 0.574391 0.470146 0.575328 0.475146 0.577203 0.478896 0.586578 0.480146 0.594078 0.485146 0.599703 0.491396 0.608141 0.500146 0.614703 0.505146 0.620328 0.508896 0.626891 0.520146 0.632516 0.523875 0.636266 0.531375 0.650328 0.537625 0.6625 0.542625 0.670937 0.548875 0.6775 0.557625 0.680312 0.563875 0.684063 0.567625 0.68875 0.567625 0.701875 0.561375 0.719688 0.573875 0.725313 0.585125 0.724375 0.593875 0.723437 0.597625 0.71875 0.598875 0.714063 0.597625 0.708437 0.597625 0.701875 0.606375 0.700937 0.606375 0.683125 0.608875 0.678438 0.611375 0.676562 0.612625 0.659687 0.616375 0.647516 0.615125 0.643766 0.612625 0.638141 0.617625 0.633453 0.621375 0.626891 0.623875 0.617516 0.630125 0.607203 0.633854 0.600641 0.636354 0.594078 0.638854 0.584703 0.642604 0.578141 0.646354 0.565969 0.647604 0.547219 0.651354 0.543469 0.651354 0.533156 0.653854 0.532219 0.653854 0.532219 0.648854 0.532219 0.645104 0.532219 0.640104 0.535031 0.633854 0.535031 0.622625 0.534094 0.621375 0.533156 0.616375 0.530344 0.611375 0.527531 0.607625 0.521906 0.606375 0.509719 0.601375 0.502219 0.606375 0.500344 0.608875 0.494719 0.612625 0.493781 0.615125 0.487234 0.616375 0.476922 0.616375 0.468484 0.607625 0.462859 0.605125 0.454422 0.596375 0.449734 0.590125 0.445047 0.585125 0.427234 0.571375 0.422547 0.565125 0.415047 0.556375 0.413172 0.548875 0.408484 0.540125 0.406609 0.533875 0.406609 0.533875 0.40475 0.528875 0.403813 0.522646 0.401938 0.515146 0.401938 0.515146 0.401938 0.515146 0.399125 0.511396 0.394437 0.506396 0.386 0.505146 0.379437 0.505146 0.377562 0.503896 0.334437 0.458896
0 0.681672 0.548063 0.676 0.551583 0.667687 0.548562 0.662766 0.5405 0.659375 0.537479 0.661641 0.520333 0.668438 0.513792 0.674859 0.512771 0.683938 0.514792 0.689609 0.521854 0.6915 0.530417 0.689984 0.536458 0.685453 0.5415 0.683563 0.546042
0 0.205641 0.610625 0.222578 0.623396 0.223312 0.647437 0.217062 0.658729 0.206016 0.666583 0.1935 0.667083 0.182078 0.665104 0.178406 0.654813 0.177672 0.641062 0.174719 0.625354 0.181719 0.614062 0.203437 0.605729 0.211531 0.612583
