0 0.399156 0.409167 0.390844 0.402354 0.391813 0.396813 0.391813 0.390437 0.391813 0.387875 0.395 0.383625 0.400437 0.382771 0.405219 0.388729 0.404266 0.394687 0.402344 0.401917 0.404906 0.404917
0 0.340641 0.349875 0.334391 0.346562 0.334219 0.341313 0.336172 0.333937 0.345625 0.332521 0.350984 0.339646 0.349547 0.349646 0.343484 0.352979 0.340281 0.350125
0 0.5495 0.415458 0.553391 0.401896 0.560656 0.399292 0.567453 0.403187 0.568422 0.411583 0.565031 0.425812 0.55775 0.425167
0 0.343234 0.322438 0.349187 0.322083 0.361078 0.323896 0.368656 0.321 0.372703 0.319562 0.379203 0.319562 0.384875 0.320292 0.400828 0.317396 0.404891 0.324604 0.404609 0.332542 0.394875 0.3365 0.39325 0.34625 0.392984 0.357771 0.393797 0.36175 0.384609 0.369313 0.377578 0.365354 0.370281 0.361375 0.362969 0.362104 0.35675 0.35525 0.349187 0.355604 0.341609 0.355979 0.341609 0.349479 0.341609 0.332542 0.341609 0.328583
0 0.566156 0.41 0.562422 0.393396 0.564906 0.380104 0.573625 0.378458 0.580469 0.384271 0.580469 0.404187 0.566781 0.405854
0 0.438797 0.446979 0.433469 0.443417 0.433797 0.430104 0.440797 0.424792 0.449109 0.418125 0.454766 0.423 0.456437 0.432771 0.455438 0.438542 0.452109 0.440771 0.448109 0.44475 0.446109 0.446083
0 0.556078 0.400854 0.552391 0.414167 0.545547 0.416271 0.538719 0.413479 0.537656 0.403646 0.538719 0.397333 0.543453 0.390333 0.545547 0.389625 0.555547 0.391042
0 0.560625 0.453083 0.560625 0.429333 0.547047 0.429333 0.543656 0.438375 0.550437 0.450812
0 0.292969 0.421229 0.29075 0.417292 0.29075 0.408958 0.294438 0.404542 0.304016 0.403562 0.304016 0.395208 0.307328 0.386854 0.310641 0.381958 0.305844 0.380479 0.304375 0.374583 0.307688 0.369188 0.316156 0.368208 0.320203 0.371646 0.323516 0.367729 0.329047 0.367229 0.333828 0.370667 0.338984 0.36575 0.343031 0.363312 0.349281 0.370667 0.352969 0.366729 0.358859 0.367229 0.362172 0.368708 0.368438 0.367229 0.376156 0.369688 0.379109 0.377042 0.377641 0.388333 0.366953 0.386854 0.358859 0.382937 0.356656 0.382937 0.361812 0.391271 0.363281 0.398146 0.362172 0.401583 0.358859 0.404542 0.362172 0.410417 0.361812 0.416812 0.358859 0.422208 0.353703 0.421708 0.350391 0.421708 0.345609 0.421229 0.341562 0.426125 0.337141 0.424167 0.333094 0.424167 0.333828 0.409938 0.329406 0.413375 0.323891 0.414354 0.320203 0.421708 0.316891 0.418271 0.313578 0.41975 0.308422 0.42025 0.302172 0.416313 0.297375 0.41975 0.294438 0.421229
0 0.738938 0.566688 0.747031 0.568688 0.753016 0.581479 0.759922 0.602271 0.764109 0.619458 0.759609 0.62425 0.755422 0.634646 0.749719 0.639437 0.743422 0.632646 0.733234 0.62625 0.728437 0.620667 0.723344 0.61625 0.717641 0.607062 0.717047 0.598667 0.719437 0.587083 0.723047 0.577896 0.727234 0.5715 0.731141 0.567896 0.738625 0.566688
0 0.274375 0.469625 0.2785 0.470438 0.280562 0.476229 0.2785 0.482854 0.274781 0.483958 0.266922 0.483958 0.264234 0.479271 0.264656 0.474292 0.268172 0.471
