0 0.3087 0.776827 0.32884 0.753547 0.3396 0.735627 0.34362 0.717707 0.33556 0.69264 0.3275 0.66936 0.30736 0.667573 0.27646 0.674747 0.25766 0.68728 0.25632 0.723093 0.26302 0.746373 0.27378 0.76608 0.29258 0.776827
0 0.17642 0.717707 0.17774 0.687413 0.18036 0.670507 0.18604 0.655947 0.19302 0.64312 0.20264 0.63264 0.22406 0.645467 0.23936 0.654213 0.25552 0.65944 0.26338 0.667013 0.26076 0.68976 0.25552 0.710133 0.24548 0.727627 0.23148 0.741013 0.20002 0.736373 0.18516 0.724133
0 0.20922 0.852747 0.22646 0.82744 0.25232 0.772293 0.23852 0.7424 0.19886 0.7424 0.16266 0.769973 0.16266 0.799867 0.173 0.82744 0.19198 0.84584
0 0.17392 0.725733 0.1388 0.750693 0.10992 0.745493 0.08652 0.714267 0.08262 0.669547 0.10446 0.63728 0.12788 0.63 0.15284 0.6352 0.16454 0.641467 0.17392 0.663307 0.17938 0.687227 0.17392 0.720533
0 0.11498 0.61336 0.11674 0.57024 0.1176 0.53296 0.12634 0.519547 0.14296 0.50848 0.18316 0.516053 0.19976 0.53528 0.20326 0.560347 0.1967 0.607547 0.18142 0.62968 0.15694 0.633173 0.14034 0.63144
0 0.15492 0.403307 0.14036 0.410773 0.13366 0.419707 0.12918 0.433147 0.12918 0.447307 0.13086 0.47416 0.15156 0.50176 0.1745 0.50624 0.19632 0.49728 0.20694 0.480133 0.20918 0.450293 0.20638 0.424933 0.198 0.40928 0.184 0.401813
0 0.17566 0.170587 0.15598 0.164587 0.14756 0.127093 0.1588 0.09184 0.16948 0.08136 0.20042 0.0806133 0.23302 0.104587 0.24034 0.13008 0.23696 0.14208 0.2274 0.16232 0.21504 0.16832 0.21334 0.185573 0.20098 0.187067 0.18072 0.16984
0 0.21094 0.219333 0.18816 0.1792 0.1597 0.162933 0.11658 0.203067 0.12716 0.26488 0.15076 0.287653 0.18328 0.2844 0.18084 0.251867 0.202 0.242107 0.21338 0.232347
0 0.153 0.287467 0.1882 0.2924 0.19284 0.317093 0.21414 0.350453 0.20488 0.39368 0.18636 0.408507 0.18544 0.408507 0.14282 0.39616 0.11966 0.37144 0.11966 0.344267 0.11966 0.341813 0.11966 0.330693 0.1243 0.313413 0.13542 0.30352
0 0.2506 0.75736 0.24498 0.752373 0.2403 0.746107 0.2378 0.739867 0.23874 0.734027 0.24592 0.72736 0.25342 0.718187 0.25686 0.714453 0.25748 0.729013 0.26092 0.73944 0.26124 0.7432 0.25592 0.750267 0.25218 0.755707
0 0.25354 0.12736 0.24026 0.111733 0.23792 0.0878133 0.2426 0.0680533 0.25354 0.0514133 0.27382 0.0399467 0.28942 0.0430933 0.30816 0.0628533 0.31284 0.0784533 0.31518 0.0898933 0.3105 0.114853 0.3019 0.12112 0.29488 0.113813 0.28318 0.117973 0.2668 0.12216 0.25744 0.1284
0 0.31812 0.08792 0.32468 0.0657067 0.33564 0.0540267 0.34834 0.0452533 0.3707 0.04352 0.39522 0.0703733 0.40268 0.0908267 0.4053 0.112453 0.3961 0.134053 0.38078 0.156267 0.3799 0.156853 0.372 0.160347 0.34352 0.152187 0.31286 0.124133 0.30934 0.114213 0.31066 0.09552 0.32074 0.07624
