0 0.589734 0.434604 0.598844 0.428393 0.620078 0.426859 0.640313 0.443933 0.652438 0.47964 0.648406 0.515348 0.632219 0.546379 0.603891 0.555707 0.581641 0.547938 0.5695 0.529305 0.565453 0.495156 0.565453 0.481175 0.573547 0.450144 0.588719 0.434604
0 0.67675 0.491127 0.66225 0.498801 0.64775 0.528705 0.64775 0.566307 0.66625 0.601607 0.69125 0.603909 0.70475 0.590096 0.71975 0.560935 0.71725 0.53024 0.71025 0.507218 0.69825 0.495731 0.68875 0.488825
0 0.504953 0.536475 0.487312 0.5094 0.486375 0.455252 0.508672 0.426739 0.521672 0.425324 0.536516 0.426739 0.560672 0.450959 0.567172 0.479472 0.560672 0.519376 0.542094 0.537914 0.522594 0.542182
0 0.535328 0.835923 0.5185 0.807746 0.515437 0.781918 0.523078 0.756115 0.532266 0.732638 0.5445 0.720887 0.556734 0.711511 0.581203 0.718537 0.594969 0.734988 0.599562 0.760791 0.598031 0.786619 0.587328 0.814796 0.578141 0.84295 0.565906 0.85235 0.547562 0.85705
0 0.6475 0.565372 0.63825 0.555228 0.630766 0.551847 0.621531 0.553213 0.608313 0.559952 0.602156 0.569424 0.596438 0.586978 0.595547 0.607938 0.597312 0.621439 0.603031 0.632926 0.616688 0.646451 0.628125 0.652542 0.636937 0.655899 0.645297 0.655228 0.654984 0.645108 0.661594 0.62753 0.664234 0.611319 0.663797 0.600504
0 0.463687 0.814125 0.482453 0.797506 0.497625 0.795276 0.509172 0.798609 0.522156 0.812998 0.532984 0.836283 0.538031 0.857314 0.537312 0.880576 0.525047 0.903837 0.509172 0.925995 0.482453 0.925995 0.461531 0.913813 0.452141 0.87283 0.452859 0.848465
0 0.694422 0.895755 0.683922 0.881966 0.673438 0.866619 0.669438 0.853597 0.667938 0.842086 0.667938 0.819089 0.674438 0.796835 0.677422 0.789952 0.687422 0.77307 0.699406 0.765396 0.710406 0.760815 0.726391 0.763885 0.736391 0.771535 0.747375 0.786882 0.756375 0.806811 0.759359 0.832878 0.753875 0.86048 0.747375 0.879664 0.740375 0.886571 0.729891 0.891151 0.718391 0.896523 0.695922 0.898058
0 0.664281 0.490983 0.682266 0.491751 0.69625 0.487938 0.70225 0.477194 0.70925 0.458034 0.711234 0.433477 0.70625 0.412782 0.70125 0.403573 0.69475 0.402038 0.689266 0.402038 0.69125 0.408177 0.686266 0.412782 0.677266 0.412782 0.674266 0.401271 0.673266 0.393621 0.665281 0.392086 0.656781 0.389017 0.648297 0.397458 0.643297 0.408177 0.639797 0.42199 0.638297 0.431942 0.638297 0.441918 0.643297 0.457266 0.650781 0.47259 0.654281 0.481799 0.660281 0.486403
0 0.626875 0.910767 0.653328 0.896571 0.667859 0.85801 0.666547 0.823525 0.657281 0.791055 0.640109 0.778873 0.613656 0.778873 0.595156 0.795108 0.580609 0.837722 0.585891 0.876259 0.597797 0.900624 0.612344 0.908729 0.624234 0.908729
0 0.485281 0.795564 0.503937 0.78777 0.519219 0.764317 0.520906 0.704436 0.510734 0.688801 0.497156 0.660168 0.468313 0.657554 0.442859 0.673165 0.430984 0.704436 0.429281 0.743501 0.444562 0.785156 0.461531 0.798177
