0 0.340234 0.671906 0.301437 0.640447 0.288016 0.608988 0.282047 0.575271 0.307406 0.458424 0.314875 0.426965 0.329797 0.404494 0.340234 0.391012 0.361125 0.391012 0.371578 0.417976 0.376047 0.453929 0.374563 0.525835 0.368594 0.606753 0.371578 0.649435 0.347703 0.667412
0 0.117641 0.3572 0.125297 0.346541 0.132953 0.337224 0.1415 0.331906 0.152406 0.340776 0.152703 0.359859 0.159766 0.439294 0.163016 0.482776 0.158891 0.508494 0.159766 0.527129 0.118234 0.571953 0.09525 0.556871 0.0902344 0.544894 0.082875 0.476118 0.0861094 0.461906 0.0934844 0.406 0.101437 0.383388
0 0.244156 0.364565 0.214906 0.383435 0.192344 0.451388 0.189016 0.524353 0.220766 0.6288 0.265047 0.599859 0.276734 0.540706 0.263375 0.393506
0 0.308641 0.322776 0.310828 0.37 0.309734 0.394024 0.295984 0.412235 0.311937 0.4288 0.296531 0.485129 0.292687 0.497553 0.289391 0.500847 0.271234 0.485129 0.262437 0.421341 0.264641 0.396494 0.251437 0.366682 0.247031 0.363365 0.236031 0.366682 0.236578 0.350941 0.250328 0.321129 0.261891 0.304565 0.277828 0.293788 0.293781 0.293788 0.298187 0.295459 0.305891 0.315341
0 0.120188 0.348965 0.126516 0.294376 0.143734 0.252094 0.170922 0.242541 0.215313 0.376235 0.19175 0.428071 0.161859 0.437624 0.150984 0.343506 0.139203 0.338047 0.122 0.355765
0 0.374016 0.521882 0.377281 0.559153 0.393547 0.569929 0.415688 0.569929 0.428047 0.564047 0.424141 0.554235 0.4235 0.543459 0.425453 0.502282 0.399406 0.475812 0.387047 0.484635 0.380531 0.507176
0 0.430141 0.421624 0.437844 0.443153 0.436203 0.475459 0.443344 0.477106 0.460391 0.476282 0.469203 0.478776 0.469203 0.488706 0.474703 0.501129 0.497797 0.483741 0.497797 0.454753 0.493391 0.443153 0.498344 0.434047 0.490094 0.386 0.487891 0.378541 0.451047 0.3504 0.441703 0.364471 0.449391 0.371929 0.456547 0.381859 0.448844 0.392635 0.430141 0.405059 0.430703 0.416659
0 0.378734 0.4364 0.368563 0.419294 0.366781 0.369788 0.396062 0.358988 0.409219 0.4184 0.409219 0.4292
0 0.417344 0.436071 0.405109 0.394494 0.404719 0.386188 0.405906 0.380824 0.434688 0.376094 0.450469 0.380235 0.456375 0.382024 0.452437 0.393906 0.435484 0.401624 0.431531 0.406965 0.430359 0.417647 0.43075 0.427741 0.429953 0.436071 0.427203 0.440824 0.423656 0.441412
0 0.343 0.337953 0.373422 0.336024 0.378578 0.356659 0.364 0.365059 0.329281 0.387647 0.339141 0.341176
0 0.445563 0.563529 0.473906 0.561412 0.473906 0.550471 0.473203 0.519412 0.471797 0.505647 0.468047 0.477082 0.464766 0.476024 0.445797 0.482376 0.430094 0.483082 0.421656 0.506 0.421656 0.511647 0.424 0.556118 0.425172 0.560706 0.445563 0.563882
0 0.373062 0.500941 0.375875 0.426376 0.416375 0.425529 0.422563 0.439082 0.430438 0.432306 0.431562 0.425529 0.437766 0.429765 0.440016 0.447553 0.432125 0.467882 0.425938 0.478047 0.413562 0.487388 0.406813 0.486541 0.3905 0.4772 0.38375 0.500941 0.37925 0.503482 0.377562 0.503482 0.371375 0.504329
0 0.375141 0.344235 0.385969 0.324659 0.402578 0.310518 0.410516 0.310518 0.430734 0.322494 0.435797 0.361624 0.435797 0.374682 0.413406 0.379035 0.402578 0.384471 0.396078 0.361624 0.378031 0.360541
