0 0.452766 0.790271 0.468234 0.787079 0.480484 0.791857 0.491453 0.806228 0.492094 0.827776 0.488875 0.841335 0.481141 0.852515 0.464375 0.862882 0.447609 0.861296 0.445031 0.856499 0.438594 0.840542 0.440516 0.821393 0.440516 0.812611 0.444391 0.799845 0.445031 0.79824 0.444391 0.797447 0.450188 0.790271 0.457281 0.788665
0 0.270078 0.896673 0.294109 0.901702 0.297438 0.911103 0.301703 0.919323 0.307875 0.931663 0.309297 0.944584 0.310719 0.953985 0.306922 0.964545 0.298375 0.972186 0.28225 0.980406 0.273234 0.989226 0.265156 0.988046 0.258047 0.985106 0.251875 0.979826 0.24475 0.973946 0.240016 0.968085 0.238109 0.964545 0.231937 0.952224 0.229094 0.948104 0.215813 0.954565 0.203 0.956325 0.197781 0.947524 0.193031 0.936364 0.188281 0.931663 0.184484 0.926963 0.176891 0.919903 0.169781 0.918723 0.165031 0.916383 0.164078 0.916383 0.164078 0.905222 0.164078 0.903462 0.169781 0.904642 0.175469 0.906983 0.184016 0.909342 0.193984 0.914023 0.197781 0.914023 0.200156 0.912263 0.205375 0.916963 0.212016 0.913443 0.215328 0.906983 0.215328 0.901702 0.214391 0.895822 0.212016 0.893482 0.217703 0.892302 0.2215 0.898162 0.223875 0.905222 0.22625 0.910503 0.229578 0.914023 0.230516 0.920503 0.231 0.925203 0.232891 0.917563 0.236219 0.912263 0.241438 0.908162 0.248547 0.900561 0.257828 0.897041 0.262797 0.894642 0.268484 0.893482 0.271813 0.893482
0 0.879281 0.977834 0.881891 0.948781 0.896234 0.932631 0.919719 0.924565 0.945797 0.939091 0.951016 0.963308 0.952328 0.990754 0.952328 1 0.932766 1 0.894937 1 0.872766 0.99882
0 0.698609 0.935725 0.687766 0.936692 0.679766 0.934139 0.673312 0.928704 0.670203 0.924545 0.668141 0.918162 0.667625 0.910484 0.666859 0.901528 0.667109 0.893868 0.671234 0.888433 0.67925 0.888433 0.683891 0.888104 0.687766 0.88619 0.694734 0.88619 0.702219 0.890986 0.708688 0.897698 0.71075 0.909207 0.71075 0.91559 0.709969 0.922631 0.705063 0.928704 0.700937 0.931896
0 0.594734 0.446557 0.609078 0.437234 0.615531 0.446557 0.618047 0.455435 0.620188 0.466983 0.632031 0.463424 0.639203 0.452321 0.639906 0.437679 0.639563 0.429691 0.635609 0.420812 0.628797 0.414603 0.624859 0.414159 0.615891 0.415048 0.613734 0.417698 0.611234 0.415048 0.603344 0.417698 0.600109 0.424816 0.596891 0.432805 0.593297 0.442553
0 0.197109 0.913385 0.198594 0.892321 0.200563 0.890484 0.207969 0.891393 0.209938 0.894449 0.214125 0.907273 0.214125 0.90911 0.213891 0.910638 0.210672 0.912456 0.209938 0.913385 0.206984 0.914913 0.204266 0.915203 0.202297 0.914913
0 0.117016 0.783849 0.117687 0.754101 0.121687 0.735919 0.11975 0.741103 0.102281 0.731489 0.0789844 0.726673 0.0760625 0.735087 0.0770469 0.751915 0.0721875 0.763926 0.0993594 0.771141
0 0.952656 0.983888 0.957344 0.968317 0.972391 0.959787 0.993109 0.961915 1 0.963752 0.999016 0.999149 0.953891 1 0.953156 0.999768
0 0.661094 0.666441 0.667938 0.660793 0.671094 0.641335 0.667375 0.636015 0.655078 0.631431 0.643078 0.632843 0.631938 0.638859 0.629938 0.648414 0.633375 0.660793 0.635656 0.664333 0.641375 0.664333 0.651375 0.662553 0.655938 0.668569
0 0.806547 0.683327 0.801375 0.697582 0.802578 0.710387 0.808141 0.720716 0.8145 0.724159 0.822844 0.726132 0.83 0.721219 0.832781 0.714816 0.834766 0.708917 0.834766 0.699072 0.833578 0.691199 0.832391 0.689226 0.829203 0.687756 0.820859 0.690213 0.819266 0.688723 0.818078 0.678395
0 0.935 0.0830754 0.926953 0.0970986 0.933906 0.111605 0.940859 0.117485 0.949625 0.122921 0.960969 0.117485 0.965 0.109323 0.970109 0.0998259 0.965359 0.0803482 0.960609 0.0744681 0.947438 0.0744681 0.943406 0.0776402 0.941219 0.0848743 0.935 0.0821663
0 0.195922 0.77677 0.166531 0.767157 0.163203 0.752747 0.166531 0.738337 0.182062 0.724603 0.193703 0.718414 0.208109 0.72323 0.219203 0.736963 0.219766 0.75 0.214219 0.761663 0.208109 0.771277
0 0.645266 0.923095 0.654625 0.912882 0.6615 0.913888 0.676078 0.930251 0.694516 0.940116 0.692312 0.95205 0.677187 0.968046 0.663422 0.972476 0.649953 0.969749 0.639219 0.952379 0.640594 0.934333
