0 0.639 0.371777 0.65462 0.343524 0.66868 0.324699 0.69524 0.315301 0.72494 0.32 0.75462 0.327048 0.7593 0.287048 0.76556 0.251777 0.75618 0.211777 0.73274 0.181175 0.71868 0.167048 0.67962 0.164699 0.64682 0.176476 0.62026 0.214127 0.60932 0.244699 0.60464 0.294127 0.60932 0.334127 0.63744 0.374127
0 0.42652 0.501175 0.39528 0.482349 0.3734 0.444699 0.3609 0.409398 0.35622 0.376476 0.3609 0.343524 0.37496 0.308223 0.3859 0.287048 0.40934 0.270602 0.42808 0.268223 0.46558 0.272952 0.49526 0.284699 0.50152 0.317651 0.50776 0.329398 0.50776 0.355301 0.47808 0.374127 0.44058 0.461175 0.4359 0.498825
0 0.6383 0.373675 0.67268 0.449729 0.67482 0.401175 0.71136 0.370422 0.73822 0.372048 0.7855 0.420602 0.78872 0.465904 0.80054 0.414127 0.7941 0.362349 0.7769 0.326747 0.75112 0.326747 0.69094 0.313795 0.65978 0.32997
0 0.79676 0.651265 0.78958 0.63256 0.78828 0.607982 0.79088 0.591235 0.7935 0.576476 0.80264 0.557771 0.81244 0.54006 0.82356 0.531205 0.84904 0.515452 0.86668 0.515452 0.88956 0.527259 0.89936 0.54006 0.9085 0.552861 0.91242 0.571566 0.91896 0.594187 0.92158 0.629608 0.91308 0.659157 0.90394 0.675873 0.89544 0.683735 0.87322 0.685723 0.85492 0.69259 0.84054 0.686687 0.83402 0.681777 0.82226 0.67488 0.80984 0.664066 0.80134 0.654217
0 0.81956 0.394819 0.82096 0.3725 0.83368 0.349096 0.8485 0.33741 0.87038 0.326777 0.89084 0.317229 0.91414 0.317229 0.93178 0.324669 0.94802 0.340602 0.95014 0.341657 0.96142 0.35762 0.96918 0.376747 0.9699 0.377801 0.97272 0.393735 0.9699 0.40756 0.9593 0.426717 0.95226 0.441596 0.9473 0.453283 0.94236 0.462831 0.9346 0.476657 0.92684 0.486235 0.91696 0.497922 0.9092 0.502169 0.90144 0.5075 0.8972 0.505361 0.8979 0.486235 0.8965 0.467108 0.8965 0.467108 0.88732 0.436265 0.88732 0.436265 0.87956 0.42244 0.87956 0.42244 0.8725 0.410753 0.86332 0.401205 0.86332 0.401205 0.85272 0.398012 0.83368 0.398012 0.82732 0.40012
0 0.99972 0.628373 0.97828 0.599006 0.95426 0.524669 0.94906 0.485542 0.9627 0.425873 0.99386 0.389699 0.99906 0.381867 0.99972 0.448373 1 0.521747 0.99842 0.563795
0 0.82362 0.401265 0.82814 0.405331 0.85164 0.39991 0.8643 0.405331 0.8878 0.43256 0.89864 0.4775 0.89502 0.512892 0.88418 0.523765 0.8661 0.515602 0.85074 0.516958 0.82092 0.538735 0.80284 0.549639 0.79108 0.534669 0.78024 0.519699 0.79018 0.478855 0.792 0.465241 0.80012 0.41759
0 0.94298 0.334187 0.9478 0.261627 0.9449 0.25003 0.93238 0.223916 0.90444 0.199247 0.87458 0.184729 0.86108 0.183283 0.8341 0.191988 0.78978 0.216657 0.77342 0.273253 0.77342 0.306627 0.8052 0.400934 0.80424 0.409639 0.81774 0.39512 0.82448 0.360301 0.86012 0.324036 0.91696 0.313886
0 0.70504 0.518976 0.72606 0.511054 0.74484 0.511054 0.76736 0.511054 0.77862 0.514428 0.78538 0.483916 0.78538 0.440964 0.78012 0.418343 0.7546 0.387831 0.74708 0.382169 0.71932 0.375392 0.70654 0.376506 0.68478 0.395723 0.67652 0.410422 0.67202 0.478253 0.70354 0.506536
0 0.70332 0.56491 0.6837 0.586867 0.6837 0.586867 0.68312 0.618133 0.6837 0.623223 0.68986 0.614759 0.70838 0.610542 0.7297 0.617289 0.73082 0.618133 0.7398 0.630813 0.74766 0.644337 0.73812 0.685753 0.73868 0.689127 0.75494 0.680663 0.7701 0.680663 0.78582 0.680663 0.79928 0.678133 0.79816 0.662922 0.79648 0.642651 0.79142 0.628283 0.7875 0.608012 0.78862 0.590271 0.79366 0.574187 0.7959 0.564066 0.79648 0.553916 0.79086 0.537018 0.77178 0.51759 0.76 0.514217 0.74542 0.514217 0.72016 0.514217 0.70894 0.514217 0.69492 0.523494 0.70332 0.56491 0.6938 0.561536 0.69154 0.552229 0.68818 0.550542 0.67246 0.550542 0.6618 0.57506 0.65676 0.585181 0.65114 0.598705 0.65058 0.600392 0.64722 0.609699 0.65114 0.609699 0.67134 0.589398 0.6736 0.56491 0.682 0.561536 0.6938 0.561536
