0 0.59502 0.681786 0.60128 0.68717 0.60266 0.699286 0.59658 0.70467 0.59168 0.706566 0.58814 0.701703 0.5856 0.690659 0.58972 0.685824
0 0.4447 0.774505 0.47538 0.716346 0.49624 0.719698 0.50666 0.726456 0.476 0.77956 0.46066 0.777857
0 0.51116 0.71772 0.47588 0.715082 0.48486 0.696593 0.49512 0.685137 0.50794 0.688654 0.51244 0.698352 0.51372 0.708929
0 0.5242 0.693352 0.50852 0.68978 0.49692 0.685769 0.49226 0.683791 0.50242 0.660659 0.50998 0.655879 0.51316 0.65228 0.52188 0.651896 0.52506 0.655495 0.5297 0.660275 0.53638 0.663846 0.53754 0.67022 0.52826 0.690577 0.5242 0.692967
0 0.59406 0.449588 0.65104 0.44728 0.68268 0.374231 0.62444 0.374808 0.6101 0.39511 0.59744 0.426401 0.58816 0.449011
0 0.62424 0.359176 0.65282 0.29 0.70468 0.295137 0.6825 0.373626 0.66184 0.377225 0.622 0.374148
0 0.4004 0.776484 0.40746 0.779451 0.4232 0.778709 0.42864 0.779451 0.43134 0.780192 0.43786 0.766786 0.44546 0.759313 0.44764 0.749615 0.45686 0.736181 0.4585 0.731731 0.44384 0.726484 0.43624 0.725 0.43134 0.721264 0.427 0.73022 0.41886 0.739918 0.41452 0.746648 0.41342 0.754835 0.40582 0.755577 0.4031 0.759313 0.39768 0.769753 0.39986 0.777967
0 0.38524 0.778132 0.38902 0.776181 0.3973 0.765797 0.40344 0.758324 0.40746 0.752473 0.40676 0.745659 0.40936 0.740137 0.41692 0.733654 0.41976 0.728132 0.4129 0.72228 0.4084 0.720659 0.40156 0.713516 0.3954 0.708654 0.3928 0.708654 0.38784 0.717418 0.38784 0.723901 0.38028 0.729121 0.37934 0.733984 0.372 0.736896 0.3602 0.744038 0.3635 0.75022 0.36208 0.766758 0.3713 0.779423 0.3739 0.783984 0.3869 0.785275 0.3869 0.777802
0 0.60366 0.784038 0.59658 0.782005 0.58466 0.778434 0.59024 0.761538 0.59844 0.748736 0.6018 0.741593 0.60738 0.729313 0.6126 0.718049 0.61632 0.712418 0.62786 0.709341 0.63532 0.709341 0.64054 0.713956 0.65282 0.717033 0.64276 0.74978 0.63868 0.763077 0.63196 0.769203 0.62452 0.778434 0.6167 0.780989 0.6126 0.78967 0.6044 0.790714 0.60328 0.786099
0 0.3978 0.702445 0.39972 0.696538 0.40164 0.690632 0.40736 0.678159 0.4131 0.671566 0.42124 0.655824 0.4308 0.653846 0.44036 0.658434 0.4504 0.666319 0.45136 0.673544 0.4308 0.71294 0.42458 0.716896 0.4131 0.716896 0.40116 0.714918 0.39828 0.710989
0 0.43898 0.699753 0.44656 0.687857 0.45144 0.678187 0.4639 0.658077 0.46714 0.658077 0.4742 0.661071 0.48124 0.672967 0.48718 0.686346 0.48286 0.696786 0.47256 0.714615 0.46064 0.719093 0.44766 0.716126 0.43844 0.710907 0.43628 0.70794
0 0.43438 0.708874 0.46154 0.718764 0.46322 0.725192 0.45644 0.729835 0.44116 0.73044 0.42802 0.721099 0.42674 0.71761
0 0.49332 0.597555 0.52004 0.60456 0.50648 0.649423 0.4963 0.663407 0.4683 0.655824 0.46362 0.649423 0.48908 0.601648
