0 0.469406 0.894125 0.517062 0.905875 0.541766 0.903521 0.545297 0.891771 0.534703 0.872938 0.536469 0.842354 0.522359 0.823521 0.499406 0.814125 0.465875 0.830583 0.453531 0.863521 0.455297 0.884708 0.474703 0.894125
0 0.951797 0.842708 0.899531 0.824375 0.884984 0.819667 0.840188 0.801312 0.831547 0.795021 0.840969 0.787687 0.849625 0.784542 0.862187 0.786646 0.874766 0.791875 0.883813 0.799229 0.886562 0.809708 0.890484 0.798687 0.896391 0.785604 0.900313 0.780354 0.912891 0.771979 0.929406 0.773542 0.942375 0.774062 0.949047 0.774583 0.958875 0.785062 0.964766 0.793979 0.969094 0.799229 0.975781 0.806562 0.981672 0.814937 0.985203 0.827 0.985594 0.847958 0.951797 0.842708 0.823672 0.844292 0.820141 0.833292 0.822891 0.815458 0.946297 0.867354 0.953375 0.858958 0.961234 0.854771 0.973812 0.853187 0.982844 0.855813 0.977734 0.877292 0.954953 0.904021 0.930188 0.905604 0.921141 0.912937 0.916438 0.910833 0.922719 0.900354 0.932547 0.889875 0.940797 0.878875 0.946297 0.867354 0.822891 0.815458 0.829187 0.800271 0.832328 0.801833 0.954156 0.844292 0.950625 0.850583 0.944328 0.859479 0.937266 0.869437 0.930578 0.879396 0.919578 0.890396 0.911328 0.896167 0.897953 0.896167 0.886172 0.888312 0.877516 0.882021 0.870453 0.885687 0.864547 0.886729 0.854734 0.882021 0.847266 0.877292 0.844109 0.866292 0.839797 0.858958 0.832328 0.853187 0.823672 0.844292
0 0.339938 0.867875 0.344859 0.844437 0.352609 0.829417 0.361047 0.815354 0.370188 0.808792 0.380047 0.801292 0.400437 0.803167 0.411 0.811604 0.422953 0.821917 0.432094 0.840687 0.432094 0.866938 0.430688 0.887583
0 0.582266 0.708458 0.589016 0.706417 0.600031 0.709667 0.605844 0.710083 0.612281 0.712938 0.620859 0.723146 0.623313 0.732938 0.624531 0.751312 0.62025 0.763979 0.609828 0.783167 0.595141 0.78725 0.596969 0.754583 0.579828 0.749271 0.572172 0.742333 0.571859 0.730083 0.574609 0.717438 0.579828 0.709667
0 0.749641 0.900833 0.730359 0.93225 0.728922 0.964646 0.735359 0.986542 0.739641 0.996063 0.7475 1 0.785359 1 0.794641 0.99225 0.8075 0.971313 0.831063 0.965583 0.841062 0.963688 0.836781 0.944646 0.831063 0.916063 0.798922 0.890354 0.786781 0.883688 0.7575 0.894167
0 0.401375 0.801937 0.420687 0.816396 0.430594 0.83525 0.434828 0.850312 0.447078 0.842146 0.457453 0.828333 0.463109 0.815125 0.465 0.801937 0.437656 0.795667 0.427297 0.795667 0.399016 0.800062
0 0.560328 0.690917 0.558344 0.711958 0.564922 0.730354 0.568859 0.740875 0.574781 0.74175 0.576094 0.718083 0.583984 0.710208 0.591219 0.708458 0.600422 0.710208 0.604359 0.710208 0.601078 0.700562 0.597125 0.697062 0.582016 0.687417 0.57675 0.685667 0.568203 0.683042 0.564922 0.682167 0.562297 0.683042
0 0.560219 0.644333 0.546922 0.653208 0.546188 0.663042 0.546922 0.674354 0.556516 0.680271 0.559844 0.686667 0.567969 0.674854 0.576453 0.667958 0.586422 0.666479 0.583469 0.660583 0.578297 0.651229 0.574234 0.64975 0.569063 0.64975 0.564641 0.649271 0.564266 0.656146 0.561312 0.657625 0.560578 0.653208
0 0.58675 0.680938 0.588031 0.6715 0.587078 0.667021 0.584828 0.666375 0.576797 0.669146 0.565063 0.679 0.564422 0.682646 0.580484 0.686708 0.583219 0.688208 0.58675 0.680938 0.590766 0.680083 0.587875 0.690146 0.590453 0.6925 0.598156 0.699146 0.599922 0.699354 0.604266 0.709208 0.605391 0.710917 0.609406 0.708792 0.613734 0.694208 0.611016 0.679 0.607313 0.674938 0.604266 0.672792 0.599922 0.699354 0.598156 0.699146 0.599125 0.675146 0.599281 0.670646 0.593172 0.670229 0.590766 0.680083
0 0.478047 0.684458 0.476344 0.671792 0.476094 0.668229 0.465625 0.668229 0.458313 0.673417 0.450766 0.688021 0.45175 0.694833 0.458313 0.693229 0.467328 0.689979 0.474641 0.686729
0 0.805 0.970125 0.820922 0.966062 0.838531 0.965146 0.85175 0.968771 0.863937 0.976 0.874109 0.984562 0.880203 0.990896 0.886297 1 0.784672 0.999938 0.790781 0.986833 0.797891 0.977354 0.803984 0.971917
