0 0.0459531 0.847096 0.0653281 0.86452 0.0715313 0.883138 0.0537031 0.904052 0.0211406 0.912178 0.00096875 0.912178 0 0.874988 0.0118281 0.858712 0.0281094 0.844778 0.0381875 0.844778
0 0.0625469 0.755199 0.0810312 0.727494 0.108344 0.721475 0.130844 0.739555 0.151734 0.741944 0.183875 0.728712 0.210375 0.739555 0.248953 0.732319 0.286703 0.738337 0.29475 0.756393 0.268234 0.897307 0.250563 0.990023 0.0979063 0.990023 0.0930781 0.980398 0.0866563 0.953888 0.067375 0.957518 0.0512969 0.969555 0.0304063 0.980398 0 0.965948 0 0.865995 0.0272031 0.841897 0.0360313 0.835878 0.0480781 0.782904 0.056125 0.758806 0.0665625 0.747963
0 0.598781 0.471054 0.611516 0.444895 0.630641 0.441874 0.645734 0.450937 0.654125 0.470539 0.654469 0.494169 0.645062 0.510773 0.636344 0.499719 0.632656 0.487635 0.622922 0.479602 0.598437 0.482108 0.59475 0.482108 0.599437 0.467518
0 0.165344 0.669251 0.154828 0.686745 0.134969 0.69726 0.119781 0.695504 0.109281 0.686745 0.104594 0.665738 0.111609 0.655222 0.139641 0.651733 0.165344 0.655222
0 0.0908125 0.677026 0.0581094 0.684028 0.0510938 0.684028 0.0429219 0.675269 0.0522656 0.645504 0.0674531 0.640258 0.0931562 0.650773 0.107172 0.666534
0 0.791547 0.404403 0.812063 0.403255 0.820813 0.39644 0.840953 0.389602 0.856156 0.404403 0.858437 0.418642 0.870594 0.443138 0.872109 0.457939 0.830313 0.460234 0.790016 0.461358 0.785844 0.452834 0.776344 0.423208 0.781656 0.409532 0.790016 0.403841
0 0.810812 0.480351 0.835531 0.472951 0.845406 0.468712 0.859531 0.464496 0.877891 0.464496 0.885656 0.475059 0.89625 0.49623 0.905422 0.519508 0.910359 0.540679 0.906125 0.547026 0.880719 0.54808 0.857406 0.556557 0.826344 0.559719 0.814344 0.553372 0.806578 0.534333 0.798813 0.513162 0.795984 0.498361 0.808703 0.482482
0 0.544422 0.910703 0.535484 0.943255 0.525266 0.965269 0.500344 0.976768 0.480547 0.96719 0.474797 0.949953 0.478641 0.907845 0.487578 0.895386 0.507375 0.886768 0.529094 0.886768 0.541859 0.897307
0 0.128641 0.502412 0.115813 0.49829 0.108484 0.494192 0.0979531 0.49007 0.0942969 0.484567 0.102078 0.472225 0.111688 0.4674 0.121313 0.4674 0.129094 0.472225 0.135047 0.479766 0.13825 0.485246
0 0.468734 0.871265 0.462203 0.847588 0.459469 0.823934 0.468047 0.79822 0.485891 0.783302 0.505109 0.781756 0.530156 0.786393 0.545937 0.794098 0.546969 0.798735 0.549031 0.832178 0.546969 0.849133 0.544906 0.850679 0.529125 0.843489 0.523297 0.843489 0.514719 0.841944 0.5075 0.841944 0.493781 0.853255 0.478 0.872295 0.471469 0.876393
0 0.249109 0.376581 0.240641 0.378829 0.234172 0.386276 0.231687 0.39897 0.234172 0.404941 0.243625 0.408665 0.255578 0.406417 0.262047 0.404192 0.268016 0.393747 0.268016 0.389274 0.262547 0.381054 0.257563 0.37808 0.255578 0.37808
0 0.474734 0.909836 0.514844 0.87719 0.535141 0.87644 0.552969 0.887564 0.559406 0.906112 0.552469 0.861593 0.536625 0.843794 0.503953 0.843044 0.475234 0.873466 0.472266 0.909836
0 0.31325 0.733326 0.300516 0.857447 0.285219 0.958665 0.289047 0.986347 0.448953 0.989204 0.466141 0.899461 0.454688 0.845035 0.450859 0.827845 0.457859 0.777237 0.453406 0.74 0.422187 0.72089 0.435562 0.72281 0.400531 0.716136 0.387781 0.734262 0.3795 0.733326 0.334281 0.714215 0.311984 0.730445
