0 0.41288 0.835733 0.44158 0.85168 0.4615 0.85272 0.4918 0.82616 0.4934 0.790027 0.48542 0.76664 0.4623 0.74112 0.44716 0.740053 0.42564 0.753867 0.41208 0.780453 0.4073 0.82296
0 0.4559 0.733893 0.4523 0.72304 0.45862 0.690533 0.47578 0.671253 0.48662 0.670053 0.5101 0.670053 0.53086 0.684507 0.5399 0.703787 0.5408 0.731467 0.53538 0.760373 0.52544 0.776027 0.5101 0.780853 0.49474 0.784453 0.48752 0.762773 0.46494 0.738693
0 0.49408 0.66552 0.50618 0.63712 0.51634 0.6352 0.53328 0.6352 0.54442 0.642933 0.55312 0.65648 0.55362 0.67392 0.55312 0.688747 0.54442 0.708107 0.542 0.709413 0.53134 0.682293 0.51538 0.672613 0.51538 0.672613
0 0.52022 0.598693 0.51462 0.633867 0.52582 0.641307 0.54898 0.662613 0.56416 0.672213 0.58094 0.665813 0.58814 0.647707 0.59054 0.628533 0.58814 0.60616 0.58094 0.588053 0.56178 0.574187 0.54658 0.571013 0.52022 0.586987
0 0.35756 0.78384 0.3507 0.773947 0.34726 0.75184 0.34898 0.722107 0.3587 0.703067 0.37698 0.685547 0.40386 0.681733 0.41586 0.691627 0.42214 0.702293 0.42958 0.71144 0.433 0.728213 0.43528 0.742693 0.41928 0.764027 0.40842 0.79224 0.40386 0.7968 0.39414 0.799093 0.37412 0.796053
0 0.3337 0.815733 0.30842 0.82248 0.28652 0.813493 0.27304 0.806747 0.2646 0.770773 0.26124 0.74608 0.26798 0.72136 0.2882 0.712347 0.31348 0.714613 0.34214 0.730347 0.35562 0.74832 0.34888 0.793253
0 0.15506 0.70328 0.13992 0.723493 0.13912 0.754293 0.15028 0.771307 0.15904 0.790453 0.1718 0.79576 0.18696 0.796827 0.2005 0.793627 0.21644 0.771307 0.21964 0.75856 0.21566 0.726667 0.21246 0.71392 0.21008 0.700107 0.2005 0.697973 0.18376 0.701147 0.16622 0.700107
0 0.32516 0.64912 0.3233 0.62928 0.32578 0.6136 0.34004 0.599547 0.35182 0.590453 0.37352 0.587973 0.38962 0.60368 0.40202 0.62928 0.4014 0.660693 0.39272 0.679707 0.38032 0.682187 0.36732 0.689627 0.3574 0.700347 0.35492 0.697867 0.35058 0.668133 0.34252 0.655733 0.33198 0.650773
0 0.22574 0.682987 0.24222 0.670507 0.26036 0.670507 0.27796 0.689573 0.2873 0.666853 0.28784 0.65 0.28234 0.630213 0.26532 0.611173 0.25322 0.609707 0.2263 0.623627 0.2153 0.6412 0.21586 0.6632
0 0.13146 0.764053 0.12304 0.768533 0.09102 0.757307 0.07584 0.741573 0.07416 0.710107 0.0809 0.660667 0.1264 0.669653 0.13652 0.689893 0.14158 0.7236
0 0.34026 0.730533 0.35916 0.702373 0.34804 0.657893 0.30244 0.646027 0.30244 0.646027 0.28242 0.674213 0.28242 0.674213 0.28798 0.71128 0.3169 0.712747
0 0.25266 0.76856 0.2399 0.766427 0.22316 0.757947 0.21838 0.739867 0.21598 0.711173 0.22076 0.687787 0.23432 0.678213 0.25344 0.6612 0.26462 0.670773 0.27578 0.682453 0.28136 0.697333 0.28534 0.711173 0.27098 0.714347 0.26382 0.72072 0.26302 0.73456 0.26302 0.745173 0.26462 0.75368 0.26462 0.762187 0.26382 0.766427
0 0.10252 0.602987 0.13844 0.614587 0.1504 0.624747 0.13952 0.585573 0.15366 0.560907 0.17326 0.553653 0.19176 0.552187 0.19828 0.53768 0.207 0.520267 0.22876 0.513013 0.2429 0.513013 0.25922 0.534773 0.26032 0.552187 0.26684 0.572507 0.27556 0.563813 0.30276 0.562347 0.318 0.572507 0.33214 0.566693 0.34846 0.555093 0.3637 0.558 0.38546 0.571067 0.39852 0.5696 0.4203 0.563813 0.42682 0.576853 0.43662 0.59864 0.43662 0.617493 0.44314 0.618933 0.45512 0.604427 0.46492 0.59136 0.48014 0.585573 0.503 0.602987 0.5215 0.616053 0.53782 0.584107 0.58788 0.59136 0.59224 0.649413 0.57156 0.671173 0.56394 0.67408 0.54544 0.735013 0.52042 0.791627 0.49538 0.791627 0.48342 0.845307 0.4562 0.859813 0.41158 0.839787 0.40614 0.799147 0.36806 0.802053 0.35608 0.7832 0.32562 0.828187 0.29078 0.818027 0.2712 0.781733 0.26576 0.767227 0.23094 0.755627 0.21352 0.768693 0.2059 0.790453 0.16456 0.791893 0.13952 0.767227 0.12972 0.745467 0.09926 0.767227 0.06552 0.725147 0.07422 0.684533 0.07314 0.65696 0.07314 0.638107 0.08184 0.619227
