0 0.5056 0.57618 0.51496 0.58018 0.52432 0.58772 0.537707 0.60628 0.53168 0.62986 0.523653 0.63888 0.513627 0.64892 0.47816 0.65194 0.447387 0.6414 0.432667 0.62936 0.428 0.6108 0.438027 0.59222 0.452747 0.5837 0.467467 0.57918 0.480827 0.57918 0.490213 0.57568 0.502907 0.57768
0 0.864347 0.36776 0.856853 0.3674 0.851627 0.3712 0.85048 0.3756 0.856187 0.38072 0.861413 0.38244 0.866133 0.38354 0.873627 0.38024 0.876907 0.37706 0.876907 0.3756 0.87168 0.37046 0.868267 0.36886
0 0.224507 0.29836 0.215947 0.3203 0.205253 0.32672 0.191707 0.33046 0.168187 0.3326 0.152507 0.32724 0.141093 0.31656 0.135387 0.2957 0.166747 0.29516 0.175307 0.30746 0.18672 0.31442 0.19456 0.30264 0.197413 0.29142 0.207413 0.29034 0.225227 0.2957
0 0.257227 0.1781 0.263867 0.18398 0.26568 0.19304 0.262667 0.20934 0.25904 0.23016 0.242747 0.22338 0.240933 0.20436 0.23248 0.22202 0.225227 0.22066 0.233093 0.18036 0.25664 0.17764
0 0.27672 0.1213 0.30672 0.11004 0.31728 0.10754 0.32728 0.12004 0.328373 0.1288 0.318933 0.14004 0.30616 0.14546 0.298373 0.1463 0.290053 0.14504 0.290053 0.13172 0.27728 0.12672
0 0.280133 0.15828 0.280747 0.16918 0.28416 0.17058 0.294373 0.1715 0.29624 0.16966 0.296533 0.15944 0.280453 0.15734
0 0.17624 0.44648 0.167067 0.45304 0.165413 0.46054 0.167493 0.46866 0.17 0.47428 0.17624 0.47708 0.18456 0.47926 0.191227 0.48052 0.199973 0.4799 0.209947 0.47458 0.213707 0.46896 0.21536 0.46054 0.208693 0.46802 0.201627 0.47364 0.194133 0.47458 0.187067 0.47208 0.183307 0.46616 0.184133 0.45054 0.185813 0.44712 0.17664 0.4468
0 0.257307 0.26216 0.243493 0.25778 0.227547 0.25778 0.22008 0.25976 0.19936 0.24222 0.2084 0.23026 0.223813 0.22708 0.23976 0.23106 0.2504 0.24222 0.25944 0.25338 0.257307 0.26216 0.251973 0.26814 0.257307 0.27332 0.252507 0.2789 0.242427 0.2805 0.221147 0.28886 0.237093 0.28768 0.24136 0.28408 0.229653 0.27252 0.222213 0.26774 0.19352 0.25418 0.17384 0.23982 0.166933 0.24382 0.164267 0.2494 0.166933 0.25258 0.174373 0.25658 0.19352 0.25418 0.222213 0.26774 0.21744 0.26934 0.2084 0.27372 0.2036 0.2809 0.212107 0.28528 0.221147 0.28886 0.242427 0.2805 0.238693 0.27452 0.23656 0.26814 0.238693 0.26454 0.251973 0.26814
0 0.15848 0.5936 0.157787 0.59126 0.15968 0.58894 0.16488 0.58686 0.167307 0.58868 0.16904 0.591 0.1704 0.594 0.17008 0.59568 0.163493 0.59866 0.15728 0.5975 0.1552 0.59476
0 0.0889867 0.82206 0.09384 0.81436 0.10352 0.81052 0.112347 0.81052 0.12232 0.81608 0.107493 0.83102 0.104373 0.83146 0.10408 0.82462 0.101813 0.81842 0.0964 0.82184 0.0932533 0.82846 0.0921333 0.82696
0 0.0044 0.81326 0.00216 0.81156 0.000533333 0.8118 0.000533333 0.79438 0.00634667 0.79316 0.0141067 0.79414 0.0169867 0.79872 0.0166667 0.80382 0.0150667 0.8055 0.01184 0.81034 0.00797333 0.81326
0 0.849093 0.36084 0.85136 0.36522 0.855867 0.3679 0.85192 0.37186 0.8504 0.3761 0.847387 0.3761 0.843813 0.37652 0.839867 0.37342 0.837973 0.3696 0.837227 0.36592 0.837413 0.3641 0.83968 0.3617 0.841547 0.36028 0.843253 0.35914 0.84512 0.35928 0.84608 0.35972
0 0.24848 0.10298 0.240107 0.09974 0.238213 0.09562 0.236773 0.09096 0.237733 0.08916 0.239893 0.0854 0.243947 0.08308 0.2528 0.0811 0.260907 0.08056 0.266907 0.08074 0.27408 0.08254 0.280773 0.0845 0.285307 0.08576 0.28936 0.0888 0.28936 0.08988 0.279573 0.09006 0.27288 0.09132 0.26784 0.0933 0.261387 0.09562 0.256373 0.09598 0.255893 0.09814 0.2516 0.10118 0.24968 0.10368
