0 0.478484 0.326479 0.478109 0.319583 0.476016 0.317771 0.471203 0.314312 0.466766 0.315312 0.462219 0.31875 0.460984 0.323688 0.461219 0.327458 0.462094 0.328771 0.464187 0.329437 0.467141 0.327958 0.470219 0.327792 0.474281 0.328937 0.476391 0.329771 0.478109 0.330583
0 0.454859 0.192042 0.452953 0.197958 0.454437 0.203875 0.455281 0.205854 0.454859 0.213188 0.456766 0.219688 0.457828 0.223354 0.457828 0.229271 0.455281 0.233229 0.455078 0.237458 0.456562 0.241687 0.455281 0.247042 0.455922 0.252688 0.459734 0.257771 0.464172 0.258333 0.465656 0.262292 0.467141 0.267083 0.469047 0.271042 0.473688 0.275542 0.477719 0.273562 0.480047 0.269333 0.481094 0.267375 0.48575 0.267375 0.492109 0.265396 0.495062 0.263125 0.499094 0.257771 0.500141 0.252688 0.502266 0.246479 0.501422 0.240271 0.501844 0.236604 0.50375 0.233229 0.502469 0.224771 0.501844 0.218562 0.499297 0.212625 0.498031 0.209521 0.499937 0.204458 0.500141 0.200208 0.499937 0.195979 0.497609 0.192042 0.493578 0.189771 0.489141 0.189771 0.48575 0.190896 0.484063 0.193437 0.479625 0.190896 0.477297 0.1895 0.475172 0.189771 0.471797 0.190896 0.46925 0.194292 0.467766 0.19175 0.46375 0.1895 0.460359 0.1895 0.456344 0.1895 0.454859 0.192604
0 0.450875 0.121583 0.453672 0.119354 0.458875 0.120104 0.463703 0.123583 0.465938 0.122333 0.468359 0.121354 0.473375 0.122333 0.476906 0.124562 0.478766 0.122083 0.480438 0.120854 0.485266 0.120854 0.489359 0.123833 0.491594 0.128292 0.490844 0.13175 0.491406 0.138937 0.491781 0.142417 0.492156 0.149104 0.494937 0.158021 0.495125 0.165229 0.496422 0.175875 0.498656 0.183063 0.494016 0.18975 0.482484 0.187271 0.478766 0.189021 0.469281 0.188021 0.466313 0.183813 0.462781 0.187271 0.456266 0.188271 0.452922 0.180333 0.451625 0.171667 0.449578 0.165708 0.449391 0.159771 0.449766 0.155542 0.449766 0.147375 0.449766 0.144146 0.448828 0.138687 0.448828 0.135229 0.449016 0.128542
0 0.784594 0.479438 0.778969 0.475688 0.773344 0.474437 0.768391 0.465521 0.770125 0.459625 0.772938 0.456229 0.779109 0.454979 0.784188 0.456229 0.78875 0.458375 0.791281 0.463021 0.791156 0.472667 0.789422 0.475875
0 0.7795 0.455562 0.778859 0.43825 0.778859 0.432208 0.785344 0.431333 0.793781 0.433937 0.796375 0.441708 0.796375 0.452958 0.792484 0.458146 0.786 0.459021
0 0.614547 0.342646 0.619141 0.342646 0.619656 0.338479 0.620594 0.337646 0.620594 0.335125 0.619875 0.333604 0.618 0.331792 0.615703 0.330813 0.613609 0.330958 0.610797 0.331646 0.6085 0.334167 0.608812 0.335833 0.610266 0.336938 0.61225 0.337083 0.614125 0.339167 0.615078 0.342375
0 0.548187 0.185708 0.54625 0.165854 0.557891 0.162396 0.572781 0.160667 0.5825 0.159812 0.590266 0.159812 0.591562 0.180521 0.602563 0.211604 0.606453 0.230583 0.60775 0.259062 0.601922 0.259937 0.590906 0.259062 0.585734 0.259937 0.578609 0.259937 0.574078 0.259937 0.565672 0.260792 0.561141 0.259062 0.557891 0.251312 0.55725 0.242667 0.557891 0.236625 0.555953 0.221958 0.549484 0.204687 0.552719 0.189167
0 0.522094 0.377979 0.466344 0.381896 0.464875 0.378958 0.456797 0.270375 0.500094 0.266479 0.506687 0.273313 0.519891 0.372104
0 0.362828 0.253458 0.364078 0.248229 0.370312 0.247521 0.373875 0.249188 0.376203 0.255125 0.375312 0.260354 0.373875 0.262021 0.369953 0.260604 0.363719 0.260125 0.361937 0.258708 0.361219 0.253937
0 0.349281 0.313229 0.350172 0.320396 0.358484 0.319375 0.360156 0.318354 0.359641 0.311875 0.357344 0.309833 0.352984 0.308625 0.350172 0.311354
0 0.481984 0.49775 0.488797 0.500333 0.499266 0.500667 0.504141 0.500979 0.505844 0.485083 0.503406 0.478583 0.499031 0.472417 0.493422 0.470792 0.487828 0.471125 0.482469 0.475667 0.477844 0.48475 0.480031 0.495458 0.4815 0.500333
0 0.453766 0.26875 0.407547 0.26525 0.409734 0.257708 0.414969 0.254792 0.411047 0.246646 0.405813 0.239104 0.402766 0.191438 0.416703 0.194354 0.425859 0.192021 0.432406 0.19725 0.44025 0.193771 0.445469 0.202479 0.448969 0.209458 0.446781 0.221667 0.444609 0.225146 0.450703 0.237937 0.451141 0.2455 0.444172 0.250146 0.452453 0.259437
0 0.565125 0.272896 0.570016 0.269792 0.569781 0.269167 0.574672 0.271958 0.577937 0.276625 0.583063 0.274438 0.58725 0.271958 0.592375 0.270708 0.594938 0.273833 0.598672 0.27475 0.602625 0.273521 0.6045 0.270104 0.611719 0.269479 0.613812 0.275688 0.614516 0.288104 0.6215 0.30675 0.623125 0.314208 0.617547 0.316063 0.595641 0.31825 0.586547 0.317312 0.578625 0.318562 0.573969 0.317 0.574672 0.310167 0.571172 0.306438 0.569312 0.300542 0.569781 0.294646 0.564187 0.290292 0.566516 0.286562 0.562797 0.277854 0.56325 0.275688
