0 0.0756406 0.510437 0.116672 0.513312 0.120281 0.507563 0.119562 0.484521 0.122438 0.449 0.105156 0.448042 0.0814062 0.481646
0 0.276734 0.637896 0.246937 0.626542 0.240859 0.625729 0.239641 0.656542 0.236 0.692208 0.232953 0.701125 0.259703 0.705979 0.267609 0.708417 0.276734 0.688146 0.279766 0.677625
0 0.134984 0.369333 0.143687 0.354792 0.154594 0.335042 0.156766 0.332125 0.153719 0.327479 0.121469 0.331542 0.118406 0.340271 0.127562 0.354208 0.134109 0.369333
0 0.0644687 0.774479 0.0722187 0.774479 0.0884531 0.771042 0.0928906 0.771042 0.0840313 0.762167 0.0648281 0.729688 0.0493281 0.713458 0.0378906 0.693771 0.0297656 0.691312 0.0268125 0.704604 0.0519219 0.75775
0 0.0393594 0.72525 0.0225781 0.730479 0.0343281 0.797604 0.0427187 0.794625 0.0561562 0.765542
0 0.174187 0.699875 0.154047 0.696146 0.149578 0.717771 0.161875 0.739396 0.176984 0.730458 0.1865 0.737167 0.193766 0.743125 0.194328 0.743875 0.207187 0.727458 0.212781 0.725229 0.188172 0.713292 0.170266 0.707333
0 0.118656 0.657687 0.128625 0.648333 0.137484 0.646854 0.147812 0.644396 0.158516 0.65275 0.170703 0.654229 0.172922 0.680813 0.178828 0.692625 0.176234 0.695583 0.162219 0.696563 0.153359 0.691146 0.137109 0.673917 0.131953 0.667521 0.124937 0.665063 0.119406 0.662104
0 0.12575 0.62 0.146781 0.634771 0.144578 0.640167 0.121313 0.652479 0.124266 0.641646 0.12575 0.627875
0 0.135453 0.380583 0.132781 0.406167 0.124797 0.423229 0.121594 0.429625 0.120531 0.440292 0.125328 0.449542 0.150906 0.423229 0.159438 0.421104 0.159438 0.41825 0.138656 0.379167
0 0.155547 0.335208 0.162031 0.338104 0.168719 0.343875 0.170703 0.347 0.160594 0.364063 0.154469 0.379708 0.153203 0.3845 0.154281 0.389792 0.160062 0.410479 0.156812 0.413125 0.144906 0.388125 0.134797 0.371042
0 0.2775 0.53975 0.267672 0.557854 0.256906 0.566604 0.246594 0.577833 0.241453 0.582208 0.220844 0.580333 0.211953 0.582833 0.21475 0.597812 0.232547 0.604062 0.239109 0.615937 0.245656 0.627792 0.279375 0.637771
0 0.116922 0.754687 0.122703 0.745313 0.147094 0.740354 0.157422 0.740354 0.149984 0.779479 0.159078 0.807042 0.162797 0.822479 0.121047 0.826333 0.133453 0.804833 0.139656 0.778375 0.139234 0.771771 0.119406 0.756896
