0 0.617104 0.472656 0.616625 0.462953 0.625271 0.449641 0.635333 0.444953 0.651167 0.444594 0.6665 0.449281 0.67275 0.455031 0.67275 0.459703 0.668417 0.465109 0.664104 0.471219 0.66075 0.475891 0.657875 0.476609 0.648292 0.474453 0.639646 0.472656 0.630542 0.472656 0.620938 0.472656
0 0.875875 0.281328 0.875875 0.300828 0.880208 0.307344 0.905271 0.302641 0.921646 0.2965 0.928396 0.292891 0.925979 0.286016 0.91875 0.275547 0.899979 0.270844 0.881667 0.275547
0 0.675542 0.349391 0.683917 0.353391 0.69 0.35225 0.702188 0.346531 0.703708 0.340828 0.70675 0.332828 0.702188 0.327688 0.696854 0.323125 0.686958 0.317984 0.671729 0.321984 0.663354 0.332828 0.663354 0.340828 0.676292 0.351672
0 0.478625 0.377016 0.467979 0.382781 0.434833 0.389 0.423 0.390328 0.418854 0.386328 0.433646 0.378344 0.434833 0.378344 0.435437 0.368578 0.442542 0.364141 0.462062 0.366797 0.465604 0.361031 0.457917 0.353938 0.462062 0.336625 0.481583 0.335297 0.495208 0.343281 0.494604 0.346828 0.515312 0.353484 0.5165 0.362359 0.507042 0.371688 0.495208 0.372578 0.4875 0.372578 0.481 0.373906
0 0.342646 0.5095 0.413521 0.453156 0.410687 0.434016 0.397937 0.425516 0.3795 0.423391 0.365333 0.418078 0.339813 0.427641 0.321396 0.449969 0.300125 0.473344 0.304396 0.490359 0.319979 0.492484 0.329896 0.499922 0.351167 0.500984
0 0.422812 0.4865 0.417729 0.491156 0.409813 0.494547 0.400771 0.496672 0.391729 0.498359 0.386083 0.494547 0.383813 0.492438 0.383813 0.486078 0.379854 0.483109 0.379292 0.482688 0.38325 0.480141 0.386083 0.480563 0.391167 0.477172 0.397375 0.472938 0.404729 0.471234 0.416021 0.472516 0.423375 0.479719 0.423938 0.486922
0 0.776604 0.427531 0.784625 0.4195 0.795333 0.4175 0.816062 0.4185 0.830125 0.430547 0.830125 0.439578 0.814063 0.442578 0.785979 0.448609 0.76925 0.449109 0.769917 0.439578
0 0.415396 0.604984 0.444083 0.608906 0.450604 0.604984 0.455833 0.597172 0.462354 0.588359 0.463646 0.580531 0.453229 0.577609 0.441479 0.572719 0.432354 0.572719 0.425833 0.572719 0.415396 0.579562 0.404958 0.590313 0.402354 0.596187 0.411479 0.601078
0 0.834229 0.514016 0.824063 0.500297 0.829146 0.480484 0.848458 0.475156 0.859625 0.474391 0.887063 0.475922 0.896208 0.480484 0.904354 0.492688 0.904354 0.501062 0.902313 0.505641 0.878937 0.507156 0.857604 0.511734 0.844396 0.511734
0 0.97875 0.469797 0.957875 0.472719 0.952667 0.472719 0.937021 0.467828 0.935708 0.454141 0.942229 0.443375 0.956583 0.433594 0.977438 0.430672 0.993083 0.434578 0.995708 0.442406 0.989187 0.455125
0 0.624 0.503203 0.629583 0.492734 0.645417 0.480172 0.662167 0.478078 0.681729 0.486453 0.687313 0.487844 0.691042 0.487844 0.696625 0.482266 0.707792 0.480172 0.72175 0.478766 0.732917 0.483656 0.7385 0.487844 0.743167 0.492734 0.753396 0.496922 0.760854 0.499016 0.762708 0.499719 0.7655 0.501812 0.746896 0.520656 0.731063 0.530438 0.724542 0.533234 0.718958 0.537422 0.713375 0.541609 0.684521 0.552078 0.662167 0.559063 0.656583 0.56325 0.645417 0.558359 0.637979 0.558359 0.615625 0.558359 0.594229 0.55975 0.591417 0.556266 0.592354 0.551375 0.597021 0.544391 0.608187 0.537422 0.610979 0.534625 0.614708 0.531125 0.614708 0.528344 0.616563 0.524844 0.621208 0.518563 0.626792 0.516469 0.630521 0.512984 0.631458 0.509484
0 0.839646 0.422078 0.841208 0.432297 0.860583 0.430328 0.876812 0.423266 0.904563 0.410297 0.894104 0.401672 0.873667 0.397344 0.859021 0.398125 0.845938 0.409516 0.842271 0.416984
0 0.547542 0.452 0.543583 0.443375 0.544375 0.433859 0.555063 0.426734 0.563 0.424062 0.575271 0.423469 0.580833 0.426141 0.584396 0.429703 0.589938 0.437437 0.592708 0.451703 0.586375 0.457937 0.575667 0.459422 0.566958 0.459422 0.555854 0.456453 0.549521 0.452891
