0 0.312411 0.644453 0.306808 0.639813 0.304509 0.634453 0.302723 0.632844 0.300937 0.631062 0.301451 0.628031 0.30654 0.624641 0.308839 0.6225 0.312656 0.62 0.3175 0.618391 0.321071 0.616422 0.329754 0.614641 0.337143 0.614641 0.344799 0.6175 0.349152 0.62125 0.352969 0.626062 0.353728 0.630891 0.354509 0.633203 0.353728 0.638203 0.35221 0.641234 0.348884 0.643031 0.345826 0.644984 0.341496 0.645703
0 0.241808 0.555281 0.260714 0.554703 0.268705 0.560281 0.27375 0.568234 0.275 0.576172 0.268281 0.582344 0.266607 0.585 0.247277 0.583234 0.246429 0.577047 0.235089 0.57 0.232991 0.567344 0.240558 0.562047 0.242232 0.559703 0.242232 0.556172
0 0.264621 0.642328 0.266138 0.636031 0.270625 0.633406 0.276629 0.63025 0.281875 0.629719 0.291629 0.629203 0.298393 0.63025 0.303638 0.633406 0.306652 0.639188 0.307388 0.644437 0.299152 0.645484 0.281138 0.644437 0.270625 0.644437
0 0.271384 0.562516 0.281339 0.561766 0.288103 0.56475 0.294509 0.567 0.301272 0.563266 0.305179 0.557281 0.305536 0.550312 0.302344 0.545078 0.297009 0.541094 0.292723 0.537859 0.283393 0.536953 0.276585 0.53875 0.272121 0.541391 0.266964 0.544672 0.264375 0.547625 0.262969 0.553047 0.263214 0.557 0.269308 0.561094
0 0.253482 0.601672 0.25404 0.596438 0.257366 0.59275 0.264018 0.590609 0.274286 0.590812 0.282589 0.591781 0.290357 0.594688 0.296183 0.598766 0.298393 0.602641 0.297277 0.606531 0.295893 0.608078 0.298393 0.612547 0.299777 0.615453 0.300603 0.6205 0.300893 0.624578 0.297835 0.628453 0.296183 0.63 0.290067 0.628062 0.283973 0.628062 0.27567 0.628453 0.269018 0.630969 0.267344 0.631563 0.26596 0.626906 0.264844 0.619922 0.26375 0.616031 0.260134 0.613703 0.257098 0.612344 0.260134 0.610594 0.25875 0.609234 0.257098 0.608266 0.254598 0.606906 0.252924 0.604781 0.252924 0.601672 0.253482 0.599547
0 0.219732 0.569562 0.226897 0.566688 0.235112 0.569312 0.241607 0.574578 0.246049 0.578172 0.247076 0.581047 0.247411 0.584391 0.243996 0.588219 0.241272 0.590609 0.234777 0.590609 0.221094 0.588938 0.21904 0.589656 0.215625 0.589172 0.215625 0.585828 0.218371 0.57625 0.217679 0.571703
0 0.155491 0.552063 0.159955 0.549297 0.166362 0.546875 0.174263 0.546188 0.183661 0.54825 0.187612 0.550672 0.193036 0.554125 0.182656 0.557937 0.173281 0.561734 0.160937 0.571766 0.15846 0.570375 0.155491 0.563125 0.152545 0.552406
0 0.297545 0.608922 0.301295 0.624469 0.29692 0.629281 0.302232 0.631031 0.302857 0.626875 0.31067 0.621625 0.318482 0.618563 0.327879 0.615484 0.322567 0.610672 0.318817 0.608922 0.308482 0.607391 0.29692 0.606734
0 0.0660491 0.395453 0.063125 0.392672 0.0594196 0.389719 0.0533259 0.390641 0.050692 0.390453 0.0514732 0.384156 0.0533259 0.379891 0.0554464 0.376922 0.0668304 0.375266 0.0734598 0.375078 0.0790179 0.376 0.0819196 0.377297 0.0848437 0.378781 0.0866964 0.381562 0.0874777 0.384703 0.0895982 0.387297 0.0893304 0.389531 0.0872098 0.391203 0.0835045 0.392672 0.0806027 0.393609 0.0763616 0.394344 0.0708036 0.394719 0.0652455 0.396203
0 0.205402 0.292781 0.203103 0.302047 0.207411 0.305672 0.218348 0.307891 0.233304 0.305469 0.235045 0.301437 0.235893 0.296406 0.234174 0.292984 0.229866 0.290563 0.223817 0.289563
0 0.0248438 0.364312 0.0297768 0.364312 0.0326116 0.364672 0.0349554 0.365578 0.0388393 0.367578 0.0414286 0.369203 0.041942 0.36975 0.0398661 0.371563 0.0396205 0.373734 0.0406473 0.378641 0.0422098 0.381719 0.0411607 0.385531 0.0378125 0.38625 0.0339062 0.384437 0.025625 0.380625
0 0.216317 0.591234 0.22558 0.587703 0.235379 0.589859 0.242946 0.594172 0.246853 0.601234 0.247143 0.604766 0.240134 0.605359 0.229777 0.605359 0.220804 0.598297 0.216607 0.596531
0 0.225737 0.543125 0.234754 0.547625 0.239911 0.552687 0.242232 0.556828 0.241205 0.56225 0.235781 0.566031 0.230625 0.567109 0.223415 0.561156 0.220848 0.558453 0.221362 0.541859
