0 0.893781 0.759833 0.914563 0.752375 0.927344 0.737458 0.926547 0.718271 0.914563 0.695917 0.891391 0.692708 0.875406 0.711896 0.875406 0.733187 0.883391 0.751312
0 0.842391 0.85825 0.826016 0.855042 0.816859 0.851187 0.806734 0.834479 0.803359 0.829354 0.804813 0.806208 0.819266 0.783083 0.822641 0.781167 0.834688 0.779875 0.838531 0.779875 0.847687 0.780521 0.853953 0.783083 0.858297 0.794021 0.860703 0.801083 0.866969 0.813292 0.868406 0.821646 0.866969 0.831917 0.860703 0.839625 0.853469 0.856333 0.848172 0.857604
0 0.261781 0.261771 0.261781 0.248271 0.271234 0.232979 0.271234 0.232979 0.276625 0.223979 0.280687 0.214958 0.288781 0.213167 0.299578 0.217667 0.305656 0.227563 0.310391 0.245563 0.307688 0.258167 0.307688 0.267167 0.298906 0.283375 0.293516 0.277083 0.286078 0.269875 0.278656 0.268062 0.275281 0.269875 0.269203 0.273479 0.264484 0.264479
0 0.916016 0.865708 0.896 0.859771 0.892656 0.856812 0.885984 0.836042 0.884875 0.81975 0.883766 0.809354 0.892656 0.791562 0.901547 0.784167 0.912672 0.781188 0.923797 0.782667 0.934906 0.793063 0.93825 0.796021 0.942703 0.809354 0.943812 0.822708 0.943812 0.831604 0.93825 0.841979 0.929359 0.847917 0.923797 0.858292
0 0.658578 0.922062 0.666531 0.895542 0.691188 0.884937 0.711875 0.889188 0.723016 0.902958 0.730969 0.932667 0.732563 0.96025 0.705516 0.959188 0.689594 0.969792 0.687219 0.975083 0.668922 0.967667 0.662563 0.949625 0.659375 0.936917
0 0.125 0.989875 0.135141 0.958333 0.121625 0.917792 0.133453 0.8795 0.175672 0.87725 0.192562 0.88175 0.197641 0.832208 0.224656 0.825458 0.228047 0.829958 0.271953 0.863729 0.295609 0.863729 0.314188 0.87725 0.31925 0.843458 0.359797 0.847979 0.386828 0.827708 0.418922 0.843458 0.422297 0.886271 0.456078 0.899771 0.452703 0.929063 0.467906 0.960583 0.498313 0.989875
0 0.633266 0.874479 0.646437 0.879062 0.660766 0.880604 0.681953 0.866854 0.688828 0.828646 0.668203 0.803458 0.639563 0.811083 0.628109 0.831708 0.626391 0.853854 0.630969 0.870667
0 0.052125 0.887 0.0874375 0.895958 0.0908125 0.940812 0.0924844 1 0.0151406 1 0.00335937 1 0 0.927354 0.0151406 0.922875 0.0285938 0.904938 0.0437188 0.898208
0 0.544187 0.888604 0.552422 0.8835 0.566234 0.883125 0.576219 0.889771 0.583859 0.894875 0.588266 0.899958 0.578578 0.906625 0.570344 0.919937 0.567109 0.935625 0.565641 0.944229 0.565344 0.952458 0.568281 0.960688 0.558594 0.958333 0.550359 0.961479 0.54625 0.963437 0.542719 0.963437 0.533906 0.958729 0.523922 0.942271 0.523922 0.928562 0.524797 0.9125 0.531859 0.898792 0.536266 0.894479
0 0.761734 0.795729 0.766875 0.759354 0.774078 0.749063 0.77975 0.747687 0.801875 0.750437 0.808062 0.757292 0.819391 0.771708 0.818359 0.781312 0.815266 0.788875 0.809609 0.795729 0.806516 0.806708 0.803422 0.814271 0.799312 0.820438 0.790562 0.8225 0.781297 0.819062 0.774078 0.811521
0 0.528016 0.943188 0.488219 0.876604 0.492125 0.855792 0.492906 0.836021 0.513188 0.827708 0.534266 0.827708 0.545188 0.837063 0.547531 0.850604 0.549078 0.863083 0.552203 0.872437 0.575609 0.875562 0.581078 0.857875 0.592781 0.852667 0.595906 0.839146 0.6115 0.823542 0.624766 0.8225 0.626328 0.811063 0.624766 0.788167 0.640375 0.766042 0.661438 0.759813 0.673141 0.7775 0.683297 0.789979 0.695781 0.800375 0.722297 0.805583 0.732453 0.800375 0.753516 0.813896 0.763656 0.814937 0.776141 0.840958 0.769906 0.850312 0.787062 0.866958 0.794094 0.887771 0.797203 0.905458 0.803453 0.922104 0.816719 0.937708 0.870547 0.95325 0.8885 0.968854 0.829203 1 0.559234 0.999021
0 0.945922 0.845313 0.942812 0.832875 0.944047 0.816708 0.949016 0.807167 0.956484 0.798875 0.972656 0.79225 0.987266 0.7935 0.997219 0.800542 1 0.808 1 0.825 0.999391 0.863958 0.994109 0.870188 0.984156 0.873083 0.976688 0.875979 0.971094 0.865208 0.961766 0.853187 0.954 0.848208
