0 0.359437 0.993979 0.356563 0.999083 0.388437 1 0.383891 0.994292 0.379812 0.989812 0.372859 0.986292 0.368547 0.986292 0.363984 0.988208 0.361109 0.990458
0 0.411203 0.966792 0.416672 0.956104 0.423219 0.951021 0.431219 0.951271 0.444875 0.961938 0.442328 0.977958 0.427406 0.986208
0 0.379375 0.945167 0.384297 0.951479 0.384656 0.966042 0.383016 0.97525 0.377375 0.982542 0.374281 0.987146 0.368828 0.986417 0.363187 0.988833 0.357531 0.9835 0.354266 0.979875 0.349531 0.974521 0.347172 0.968708 0.346438 0.95875 0.350984 0.949292 0.357906 0.940563 0.361719 0.938375 0.368469 0.937562 0.374844 0.939646 0.379531 0.945312
0 0.414938 0.979229 0.395453 0.963646 0.3935 0.94025 0.405187 0.924667 0.426625 0.924667 0.432469 0.94025 0.422734 0.955854 0.414938 0.971438
0 0.317906 0.9885 0.329344 0.997854 0.351125 0.998833 0.354813 0.995396 0.354438 0.988 0.351859 0.982104 0.347422 0.979146 0.344109 0.976688 0.338578 0.974729 0.333031 0.974729 0.327875 0.979646 0.327125 0.979646 0.323062 0.982604
0 0.411906 0.922042 0.400719 0.9025 0.399938 0.889646 0.404953 0.879875 0.414219 0.874208 0.426172 0.870604 0.4335 0.87525 0.436969 0.883979 0.431578 0.901979 0.422312 0.916896 0.415766 0.922562
0 0.393719 0.974625 0.386047 0.974396 0.383953 0.973229 0.384297 0.964375 0.384469 0.956229 0.382906 0.951354 0.38325 0.948313 0.386922 0.944833 0.391453 0.942958 0.39425 0.944833 0.394953 0.959729 0.395469 0.964375 0.399656 0.967417 0.400875 0.968563 0.397922 0.972521 0.396 0.973229
0 0.468313 0.9455 0.467781 0.937687 0.469641 0.930604 0.4755 0.930604 0.482937 0.931312 0.487734 0.935208 0.490922 0.942292 0.489594 0.94975 0.480016 0.951875 0.467516 0.950812 0.466984 0.947271
0 0.376859 0.987708 0.378422 0.981458 0.380766 0.974187 0.399484 0.975229 0.404172 0.979375 0.4065 0.996021 0.395578 1 0.383094 0.992896
0 0.453328 0.919896 0.461844 0.933208 0.460641 0.924771 0.458688 0.920875
