0 0.75168 0.305627 0.7163 0.314613 0.69606 0.307867 0.68764 0.267413 0.68426 0.231467 0.69102 0.208987 0.69944 0.195493 0.7264 0.191013 0.74326 0.191013 0.7736 0.204507 0.78876 0.220213 0.79382 0.238213 0.79044 0.27864 0.7837 0.287653 0.77192 0.29888 0.75842 0.305627
0 0.22644 0.322347 0.24184 0.333093 0.25798 0.339947 0.28072 0.345813 0.29686 0.348747 0.31888 0.33408 0.33502 0.271467 0.32988 0.246053 0.3174 0.228427 0.30788 0.218667 0.29614 0.214747 0.27046 0.210827 0.24918 0.219627 0.23672 0.22648 0.2213 0.248 0.21838 0.2744 0.21838 0.298853
0 0.4279 0.2652 0.4323 0.25968 0.44476 0.263467 0.44736 0.273867 0.43672 0.27248 0.43076 0.278 0.42998 0.285947 0.44034 0.302213 0.44008 0.306373 0.43102 0.306373 0.42296 0.300827 0.41986 0.28872 0.41492 0.280427 0.41492 0.27144 0.42038 0.264853 0.42608 0.261413
0 0.57146 0.3428 0.56328 0.350987 0.57146 0.361867 0.5786 0.360507 0.57554 0.33872
0 0.43308 0.177653 0.4323 0.17384 0.43386 0.169333 0.43568 0.165893 0.44294 0.16416 0.44528 0.164853 0.45384 0.168667 0.46136 0.167973 0.4637 0.16968 0.46396 0.1728 0.46396 0.177307 0.46188 0.184907 0.45824 0.191467 0.45202 0.194933 0.4432 0.193893 0.43906 0.189067 0.43568 0.185947 0.43386 0.181093
0 0.40522 0.218507 0.40052 0.207707 0.40096 0.18952 0.40522 0.176453 0.41204 0.17304 0.4163 0.177013 0.42184 0.206587 0.41332 0.196907 0.40862 0.206 0.40734 0.2168
0 0.68494 0.171627 0.68392 0.18392 0.6788 0.18528 0.66448 0.178453 0.66038 0.16616 0.66346 0.15936 0.67572 0.149813 0.6788 0.156613
0 0.11038 0.0113867 0.12462 0.02376 0.12338 0.0477333 0.11594 0.06344 0.10232 0.07088 0.0893 0.0675733 0.07628 0.0452533 0.0769 0.0245867 0.08186 0.0138667 0.09612 0.00642667 0.10232 0.00642667
0 0.1258 0.0982667 0.13548 0.101493 0.14468 0.0982667 0.15 0.0801867 0.1408 0.0724533 0.13596 0.06728 0.13452 0.05824 0.12532 0.0511467 0.12242 0.0530933 0.1292 0.0608267 0.12822 0.07824 0.12678 0.0937333
0 0.66748 0.158933 0.66374 0.147387 0.65604 0.13992 0.64974 0.14616 0.6474 0.156133 0.6525 0.165387 0.66058 0.167253 0.66398 0.159707
0 0.57362 0.0583733 0.57098 0.0562667 0.56038 0.05872 0.55588 0.06648 0.55482 0.07672 0.55722 0.08272 0.56092 0.0866133 0.56488 0.0883733 0.5678 0.0890667 0.57282 0.08872 0.57786 0.0841333 0.5805 0.0806133 0.58182 0.0760267 0.58236 0.0735467 0.58262 0.0721333 0.58156 0.0657867 0.57918 0.0597867 0.57414 0.0573067
0 0.44512 0.210027 0.43168 0.233307 0.4384 0.24584 0.46258 0.244053 0.46258 0.224347
0 0.51198 0.28688 0.50594 0.299307 0.50734 0.316693 0.51246 0.32664 0.52084 0.330987 0.53388 0.32416 0.5404 0.30304 0.53528 0.28752 0.52084 0.2844
