0 0.319781 0.620351 0.304969 0.61466 0.298875 0.611827 0.295469 0.575363 0.299266 0.567963 0.312937 0.565667 0.317891 0.565667 0.324344 0.570234 0.326625 0.578197 0.321313 0.61466
0 0.343719 0.141077 0.353219 0.146253 0.353641 0.155316 0.361844 0.159836 0.362703 0.168899 0.355797 0.187002 0.347172 0.193466 0.335953 0.187658 0.331641 0.181171 0.329906 0.172131 0.329906 0.15918 0.3325 0.145597 0.33725 0.140445
0 0.367672 0.151311 0.374312 0.146323 0.377828 0.141944 0.383109 0.140773 0.389937 0.143396 0.395609 0.151007 0.393062 0.181756 0.386031 0.194052 0.378422 0.19726 0.364359 0.192881 0.359469 0.174145 0.359469 0.16096 0.361031 0.153934
0 0.460953 0.233138 0.467281 0.236112 0.475609 0.244426 0.472828 0.264614 0.465297 0.270562 0.455 0.265808 0.447875 0.2563 0.453813 0.239672 0.457375 0.236112
0 0.575297 0.646909 0.606437 0.654286 0.611359 0.639532 0.620375 0.646909 0.617094 0.660422 0.631859 0.666557 0.651531 0.680094 0.629391 0.68377 0.625297 0.708337 0.608078 0.718173 0.605625 0.739063 0.590891 0.718923 0.595375 0.708478 0.591891 0.690585 0.585906 0.683115 0.574969 0.683864 0.575469 0.674169 0.568984 0.660749 0.561531 0.660749 0.550578 0.666721 0.557547 0.655527
0 0.328359 0.648735 0.322297 0.653279 0.319266 0.660749 0.315375 0.655878 0.314281 0.671148 0.320562 0.68185 0.322734 0.689977 0.327937 0.700679 0.336172 0.703934 0.3405 0.697119 0.343969 0.679906 0.337031 0.668876 0.332266 0.658806 0.331828 0.65815
0 0.205672 0.222717 0.215953 0.221686 0.222141 0.206768 0.218359 0.189274 0.213563 0.180023 0.204641 0.176417 0.199141 0.178993 0.195031 0.189274 0.192969 0.199555 0.194687 0.208829 0.198797 0.217049
0 0.194625 0.213747 0.190906 0.219087 0.190625 0.226159 0.192469 0.231101 0.198188 0.233232 0.204047 0.231733 0.206344 0.227237 0.206484 0.223583 0.202625 0.220585 0.196328 0.213091 0.195469 0.212014 0.195328 0.212881
0 0.173812 0.162576 0.163859 0.170773 0.159375 0.189438 0.163859 0.205105 0.175797 0.209578 0.188734 0.205105 0.200188 0.184215 0.200188 0.178244 0.18825 0.164075 0.18775 0.163326
0 0.820688 0.463513 0.819438 0.454169 0.814453 0.431756 0.794531 0.424286 0.773344 0.444824 0.815703 0.487775
0 0.484187 0.191382 0.471391 0.185972 0.468438 0.18007 0.466453 0.172201 0.466781 0.166276 0.467109 0.163817 0.473031 0.166276 0.483531 0.167752 0.489766 0.172201 0.493719 0.175152 0.488781 0.18548 0.486156 0.189906
0 0.821859 0.458899 0.820344 0.454848 0.818312 0.449789 0.817641 0.438899 0.815953 0.434356 0.813422 0.431311 0.809875 0.429813 0.809703 0.426253 0.811734 0.416909 0.813594 0.413349 0.815109 0.411335 0.817812 0.409321 0.823047 0.412342 0.827266 0.415386 0.830641 0.416393 0.831141 0.411593 0.831312 0.409813 0.834859 0.410328 0.837219 0.41185 0.842109 0.413349 0.846328 0.416136 0.847687 0.426768 0.847516 0.437143 0.8465 0.443466 0.844812 0.446745 0.840594 0.450796 0.837219 0.454333 0.833328 0.458384 0.831312 0.458642 0.830469 0.458642 0.828438 0.458642 0.823719 0.458642
