0 0.723607 0.310578 0.683794 0.327906 0.628384 0.334844 0.571241 0.333688 0.538337 0.330219 0.514098 0.322141 0.505457 0.305969 0.508899 0.290937 0.553934 0.286328 0.586815 0.277078 0.602412 0.272469 0.638759 0.269 0.678595 0.274766 0.716674 0.288641 0.718407 0.309422
0 0.606862 0.266422 0.614707 0.255125 0.639719 0.249406 0.6537 0.251703 0.662763 0.258234 0.67185 0.268875 0.670609 0.271984 0.656885 0.271656 0.632857 0.268062 0.605386 0.271984
0 0.473349 0.255984 0.474848 0.256984 0.519087 0.259969 0.529532 0.254 0.547424 0.254672 0.566838 0.243391 0.572295 0.235422 0.556885 0.223156 0.534496 0.219828 0.515105 0.227469 0.512131 0.237078 0.511639 0.244047 0.490749 0.244719 0.483794 0.246047 0.476323 0.255656
0 0.339508 0.291469 0.326393 0.288969 0.320773 0.280219 0.330141 0.268969 0.360094 0.266469 0.378829 0.266469 0.386323 0.276469 0.388197 0.281469 0.378829 0.285219 0.361967 0.290219 0.354473 0.290219 0.347002 0.290219 0.343255 0.290219
0 0.0901405 0.301453 0.177377 0.300156 0.193864 0.295625 0.204543 0.289156 0.204543 0.278813 0.206464 0.266531 0.197752 0.260062 0.19096 0.258109 0.161874 0.262641 0.160913 0.264578 0.155082 0.269766 0.144426 0.273641 0.142482 0.274938 0.121171 0.269766 0.11534 0.267172 0.104684 0.263937 0.0988759 0.265234 0.0949883 0.266531 0.0814052 0.267813 0.0717096 0.273641 0.0707494 0.285281 0.0707494 0.290453 0.0707494 0.292391 0.0785012 0.298219
0 0.678689 0.238594 0.664988 0.227156 0.670703 0.222594 0.687845 0.218781 0.694684 0.218781 0.699251 0.224109 0.693536 0.2325 0.690117 0.239359
0 0.207588 0.292313 0.203841 0.281906 0.215129 0.270422 0.227494 0.268266 0.239883 0.268625 0.252248 0.270781 0.259251 0.276516 0.259789 0.284781 0.254941 0.292313 0.253864 0.296266 0.250632 0.297703
0 0.628454 0.240984 0.645082 0.243422 0.671569 0.243422 0.673653 0.236484 0.663255 0.227469 0.651827 0.225391 0.631569 0.228156 0.625855 0.237875
0 0.60452 0.202437 0.629883 0.203766 0.644309 0.203109 0.655246 0.200125 0.654754 0.193812 0.652763 0.187188 0.649274 0.181875 0.641335 0.178891 0.631382 0.179891 0.625902 0.174578 0.621944 0.172922 0.60452 0.17325 0.593091 0.176563 0.591593 0.179891 0.591593 0.179891 0.588618 0.191828
0 0.684239 0.172094 0.679859 0.183797 0.677658 0.198406 0.708337 0.202797 0.73356 0.207922 0.764239 0.207187 0.774098 0.201344 0.774098 0.193297 0.772998 0.188172 0.759836 0.181594 0.746698 0.181594 0.745597 0.174281 0.735738 0.164781 0.719297 0.160391 0.710539 0.159672 0.697377 0.161859 0.68644 0.167703 0.684239 0.172094
0 0.740304 0.297063 0.78822 0.289297 0.798525 0.280938 0.797635 0.276156 0.790913 0.266594 0.774778 0.260609 0.75911 0.260609 0.752857 0.260609 0.741663 0.261813 0.735386 0.260016 0.725082 0.257922 0.7 0.262703 0.691499 0.265703 0.688361 0.268391 0.684333 0.269281 0.673583 0.266594 0.673138 0.272266 0.704941 0.283625 0.715691 0.2875 0.716581 0.289891 0.716581 0.298266
0 0.764848 0.24175 0.75815 0.229844 0.783794 0.222406 0.792717 0.20975 0.804988 0.203797 0.809461 0.197844 0.832857 0.197844 0.846253 0.2105 0.855176 0.208266 0.868548 0.214219 0.870773 0.226859 0.867447 0.234297 0.799415 0.237281 0.764848 0.241
0 0.866511 0.204422 0.804052 0.188797 0.784543 0.183594 0.827471 0.157547 0.847002 0.144531 0.886019 0.162766 0.88993 0.194016
