0 0.383094 0.585187 0.379625 0.577958 0.379047 0.565312 0.381937 0.552417 0.386781 0.547 0.391813 0.542875 0.396453 0.541333 0.401672 0.541333 0.407281 0.544167 0.410953 0.547521 0.414438 0.553208 0.415594 0.559396 0.415797 0.564542 0.415797 0.568167 0.415797 0.570729 0.408641 0.581312 0.406703 0.585958 0.405344 0.588271 0.403219 0.585187 0.398375 0.584667 0.394125 0.584667 0.389297 0.584396 0.385234 0.584917 0.384266 0.585187
0 0.440828 0.581167 0.442656 0.596063 0.450188 0.611667 0.469938 0.612354 0.480859 0.587417 0.486062 0.58325 0.486328 0.573542 0.469938 0.554833 0.462672 0.55275 0.445516 0.569375 0.439531 0.57875
0 0.409078 0.621396 0.4115 0.609125 0.418766 0.596854 0.429406 0.592354 0.440547 0.592354 0.445391 0.598792 0.450703 0.613 0.450703 0.620104 0.448281 0.626542 0.448281 0.627833 0.448281 0.635583 0.445875 0.640104 0.443937 0.645271 0.441516 0.647208 0.439578 0.649125 0.43425 0.654938 0.432312 0.656229 0.429891 0.656229 0.426031 0.653 0.421672 0.649771 0.417797 0.647854 0.414891 0.645271 0.411984 0.642042 0.410047 0.638813 0.408109 0.633646 0.407141 0.630417 0.407625 0.625896 0.408109 0.622667
0 0.427406 0.568979 0.426563 0.555917 0.435937 0.538292 0.445312 0.535438 0.457672 0.541708 0.464922 0.551937 0.453844 0.561021 0.439344 0.575792 0.434234 0.572396 0.429547 0.570125
0 0.473094 0.602542 0.477453 0.587708 0.485187 0.580604 0.497781 0.579958 0.507453 0.582542 0.513266 0.594812 0.515688 0.60125 0.516656 0.609 0.513266 0.619979 0.510844 0.626437 0.502125 0.636104 0.498266 0.638687 0.488578 0.635458 0.482766 0.631583 0.472609 0.621917 0.472125 0.615458
0 0.410938 0.60625 0.409422 0.596187 0.406031 0.587146 0.415469 0.570542 0.422625 0.569542 0.431297 0.570042 0.440359 0.575562 0.444125 0.588146 0.442609 0.593167 0.435453 0.592167 0.423766 0.594687 0.417719 0.599708 0.411313 0.60625
0 0.426922 0.565521 0.421172 0.566625 0.418719 0.567708 0.415031 0.558417 0.414625 0.550229 0.420766 0.541479 0.431016 0.538208 0.43675 0.539292 0.427328 0.555146
0 0.383703 0.547437 0.369219 0.551937 0.364391 0.566104 0.367766 0.5835 0.371156 0.586708 0.379844 0.580271 0.379844 0.564813 0.383219 0.551292
0 0.4385 0.652062 0.445297 0.661604 0.46 0.666625 0.473578 0.659083 0.477719 0.650542 0.479234 0.6445 0.479984 0.635458 0.479609 0.630437 0.477719 0.624896 0.475844 0.616354 0.472438 0.610312 0.462641 0.608813 0.451328 0.608813 0.449437 0.610312 0.449437 0.618875 0.449437 0.622896 0.448313 0.628917 0.448688 0.633958 0.449437 0.636458
0 0.410687 0.640771 0.416656 0.647354 0.424687 0.649417 0.429875 0.657021 0.437141 0.652188 0.441547 0.658062 0.435578 0.668792 0.429875 0.673979 0.41925 0.671208 0.409391 0.669479 0.400563 0.660479 0.400828 0.651833 0.402125 0.644229 0.407828 0.638708
0 0.385641 0.639083 0.399187 0.635583 0.406187 0.623938 0.410109 0.600625 0.406609 0.587812 0.390453 0.586063 0.375594 0.590729 0.368156 0.600625 0.367281 0.613458 0.370781 0.628021 0.376906 0.635
0 0.489719 0.579417 0.491266 0.57325 0.498969 0.567583 0.510938 0.567583 0.519422 0.573771 0.525984 0.590229 0.527516 0.603604 0.523281 0.615417 0.515172 0.618 0.516328 0.60925 0.515172 0.6005 0.507453 0.583542
