0 0.353828 0.582014 0.326844 0.561803 0.308859 0.555059 0.299859 0.546066 0.295359 0.51911 0.307359 0.478642 0.332844 0.467424 0.358328 0.462927 0.370328 0.485386 0.379328 0.523607 0.376328 0.568548
0 0.880172 0.649625 0.851953 0.678267 0.849234 0.728759 0.855594 0.77377 0.837391 0.772412 0.811 0.783326 0.800078 0.810609 0.795531 0.826979 0.7755 0.807869 0.742734 0.799696 0.707234 0.796956 0.677187 0.829696 0.659906 0.891101 0.660813 0.899274 0.642609 0.887002 0.616203 0.867892 0.601641 0.866534 0.585266 0.866534 0.5525 0.866534 0.535203 0.877447 0.509719 0.903372 0.490594 0.951124 0.477859 0.968852 0.455094 0.953841 0.421422 0.949766 0.385016 0.992061 0.396844 1 0.496969 0.997518 0.620766 1 0.743641 0.998876 0.889281 0.993419 0.993953 0.997518 1 1 0.9985 0.648267 0.9985 0.593677 0.970281 0.645527 0.931141 0.6237 0.877437 0.641429
0 0.325703 0.430047 0.340656 0.418407 0.348969 0.413443 0.374437 0.413443 0.384969 0.414262 0.375547 0.39103 0.376109 0.374426 0.383297 0.355316 0.384406 0.344543 0.379422 0.339555 0.369453 0.333747 0.356172 0.333747 0.339547 0.333747 0.322375 0.350351 0.313516 0.365293 0.312406 0.395176 0.315188 0.413443 0.324047 0.431686
0 0.654359 0.341077 0.647891 0.338806 0.637625 0.330258 0.629656 0.310304 0.631547 0.272155 0.642953 0.25733 0.651312 0.243677 0.663188 0.234122 0.675859 0.237049 0.689031 0.239251 0.697813 0.245831 0.707578 0.261897 0.713422 0.283115 0.714891 0.294801 0.714891 0.307963 0.716359 0.313091 0.714891 0.325504 0.7105 0.33356 0.678797 0.345972 0.667094 0.340141
0 0.747047 0.344473 0.740969 0.330375 0.740969 0.298923 0.760313 0.26082 0.78075 0.259977 0.799 0.269087 0.823312 0.290632 0.83325 0.30719 0.835469 0.330375 0.823312 0.350258 0.785172 0.365995 0.764734 0.354403
0 0.205406 0.687635 0.164922 0.705621 0.128937 0.698876 0.115453 0.689883 0.103453 0.64719 0.106453 0.624731 0.131937 0.570796 0.154422 0.570796 0.178422 0.579766 0.199406 0.595504 0.212906 0.620234 0.215906 0.64719 0.212906 0.678642
0 0.2825 0.392904 0.242031 0.367471 0.253781 0.352787 0.253781 0.352787 0.255734 0.338126 0.271406 0.322459 0.300125 0.324426 0.321 0.348876 0.313828 0.360609 0.312516 0.39192
0 0.111797 0.470515 0.115984 0.443185 0.134594 0.418103 0.163109 0.415269 0.178313 0.423232 0.178687 0.425504 0.168813 0.450585 0.166531 0.480773 0.170703 0.496721 0.130422 0.49274 0.1175 0.480773
0 0.411375 0.555948 0.388937 0.564918 0.384453 0.542482 0.388937 0.513349 0.406891 0.499883 0.417359 0.479719 0.435313 0.472974 0.474219 0.488689 0.441297 0.513349 0.423344 0.546979 0.415875 0.555948
0 0.434 0.265059 0.422953 0.293208 0.430688 0.316417 0.446719 0.310609 0.478219 0.306464 0.485391 0.304824 0.490375 0.279133 0.480984 0.262576 0.466609 0.250141 0.443953 0.255948
0 0.490266 0.306066 0.489281 0.276089 0.496609 0.257096 0.5005 0.241007 0.516109 0.237354 0.534156 0.230047 0.544891 0.232974 0.550266 0.240281 0.553672 0.24904 0.558063 0.257096 0.563422 0.276089 0.565875 0.289251 0.565875 0.306815 0.564891 0.32363 0.554156 0.330211 0.542453 0.336792 0.53075 0.342623 0.522938 0.34993 0.518062 0.352131 0.514656 0.341897 0.508797 0.330937 0.500016 0.320703
0 0.500766 0.428829 0.439297 0.415363 0.431797 0.381639 0.437797 0.354684 0.457281 0.320984 0.487266 0.302998 0.505266 0.345691 0.515766 0.361429
0 0.226906 0.506581 0.224125 0.468103 0.240094 0.436885 0.25675 0.420234 0.294234 0.420234 0.310188 0.46082 0.310891 0.466019 0.297 0.50452 0.285203 0.520117 0.266469 0.537799 0.238 0.528431 0.226203 0.506581
