0 0.447354 1 0.446 0.966906 0.527917 0.890094 0.59075 0.880875 0.644 0.883938 0.653562 0.923891 0.809229 0.986359 0.807875 0.996609 0.456917 0.991484
0 0.367979 0.865875 0.440146 0.9265 0.43725 0.976313 0.454583 1 0.163 0.997953 0.197646 0.935172 0.281375 0.898359 0.330438 0.865875 0.391063 0.857219
0 0.100167 0.920422 0.0375625 0.864078 0.0250417 0.819484 0.0406875 0.760797 0.07825 0.718547 0.172146 0.704453 0.237875 0.704453 0.297333 0.739672 0.3255 0.781922 0.3255 0.835922 0.306729 0.875828 0.247271 0.901641 0.178396 0.925125 0.140854 0.927469
0 0.18925 0.928984 0.184021 0.949922 0.166583 0.993094 0.00435417 0.989172 0.000854167 0.931609 0 0.842641 0.00435417 0.823016 0.0148125 0.817781 0.0200417 0.816469 0.0375 0.857031 0.100292 0.919828 0.166583 0.919828
0 0.369021 0.840406 0.372125 0.821813 0.373979 0.809734 0.377688 0.797172 0.386979 0.783234 0.4 0.772547 0.412396 0.760469 0.426021 0.752563 0.434083 0.749781 0.447104 0.747453 0.470021 0.743734 0.488604 0.745719 0.514021 0.749437 0.541271 0.760594 0.571646 0.775922 0.597042 0.802406 0.608813 0.831687 0.607583 0.855859 0.597667 0.877703 0.592708 0.881531 0.572271 0.881531 0.555542 0.883859 0.540042 0.887578 0.527021 0.893625 0.517104 0.903375 0.509687 0.910344 0.504104 0.919187 0.499771 0.924297 0.486125 0.922891 0.463208 0.920578 0.455771 0.917328 0.440896 0.912672 0.430354 0.904312 0.409292 0.891297 0.388229 0.877812 0.389458 0.871781 0.386979 0.866672 0.379562 0.862953 0.372125 0.855516 0.370875 0.844828 0.37025 0.842031
0 0.888188 0.976516 0.943042 0.907969 0.938458 0.856547 0.885917 0.777719 0.794521 0.738312 0.730542 0.752016 0.646 0.817141 0.634583 0.875406 0.659708 0.914813 0.783083 0.971375
0 0.930854 0.933766 0.960625 0.944937 0.990396 0.963078 0.992271 0.979828 0.995979 1 0.850854 0.996562 0.858292 0.984 0.888062 0.972844 0.921563 0.932375
0 0.832062 0.753859 0.8465 0.728266 0.882583 0.710562 0.928521 0.701703 0.996104 0.721875 0.997417 0.725313 0.999375 0.773547 0.973792 0.786828 0.946229 0.806516 0.933104 0.821281 0.926813 0.839766 0.912271 0.810688 0.879958 0.772516
0 1 0.773906 0.951458 0.800375 0.932937 0.826187 0.92675 0.838109 0.935583 0.895687 0.935583 0.912891 0.935583 0.912891 0.937354 0.930766 1 0.972453
0 0.000270833 0.819094 0 0.713141 0.014 0.708 0.0441667 0.709547 0.0626875 0.716234 0.0866875 0.721375 0.0530833 0.759437 0.0427917 0.780531 0.0373125 0.802641 0.0304583 0.816016 0.014 0.825266 0.00577083 0.828875 0.00233333 0.828875
