0 0.728406 0.36925 0.7225 0.367271 0.722875 0.359896 0.726938 0.355479 0.735062 0.356938 0.740594 0.363333 0.73875 0.370729 0.736906 0.372687
0 0.711766 0.404 0.711766 0.400563 0.714719 0.399083 0.7195 0.400062 0.721703 0.404 0.721703 0.409875 0.720234 0.410854 0.712875 0.404979
0 0.46675 0.375083 0.463063 0.371167 0.463063 0.36675 0.467109 0.359375 0.473 0.357417 0.478516 0.361333 0.480734 0.369188 0.478156 0.375083 0.474844 0.375083 0.470062 0.375083 0.467109 0.376563
0 0.475766 0.359292 0.475312 0.356187 0.476203 0.352208 0.47975 0.350417 0.482844 0.350417 0.487719 0.352792 0.488938 0.354563 0.489281 0.360167 0.487281 0.366812 0.483516 0.369188 0.481187 0.368896 0.480531 0.364312
0 0.792078 0.415625 0.797172 0.413812 0.798922 0.410292 0.798344 0.407292 0.797063 0.40625 0.793547 0.404938 0.791594 0.405854 0.791391 0.408729 0.791109 0.411333 0.791203 0.413938
0 0.253016 0.420667 0.249 0.422396 0.247219 0.427104 0.245781 0.429896 0.240156 0.429896 0.235984 0.42625 0.235172 0.41875 0.238719 0.412312 0.246578 0.409958 0.249156 0.41575 0.251563 0.41875 0.255578 0.412542 0.259281 0.412542 0.262328 0.415104 0.264891 0.411458 0.269719 0.411458 0.272125 0.410812 0.276141 0.40675 0.279516 0.40675 0.28225 0.405896 0.285141 0.399042 0.287875 0.394979 0.291734 0.393896 0.295906 0.396479 0.298 0.39925 0.298953 0.400333 0.302172 0.400333 0.304906 0.400542 0.308281 0.401187 0.310844 0.396687 0.316953 0.390896 0.320969 0.390896 0.323531 0.391333 0.327719 0.390042 0.330281 0.388979 0.334625 0.38725 0.338313 0.38725 0.343297 0.393042 0.343781 0.394333 0.349891 0.40225 0.348594 0.407396 0.346187 0.408042 0.347953 0.413396 0.350531 0.415958 0.351969 0.418312 0.346031 0.422167 0.343625 0.420042 0.342656 0.415958 0.339609 0.414458 0.332531 0.41425 0.330766 0.414896 0.327719 0.413396 0.325953 0.409104 0.323219 0.404187 0.322094 0.403958 0.318719 0.403104 0.313094 0.405896 0.311328 0.409542 0.308594 0.40825 0.305547 0.405896 0.302484 0.40675 0.301531 0.407396 0.298797 0.407396 0.296063 0.407813 0.289953 0.407187 0.285781 0.409958 0.2845 0.410812 0.278234 0.41125 0.273406 0.412312 0.271 0.415542 0.266188 0.416167 0.263766 0.419604 0.263125 0.42025 0.260562 0.422167 0.258313 0.422167 0.254609 0.421312
0 0.706406 0.368208 0.705531 0.365021 0.702516 0.361521 0.700391 0.359167 0.6995 0.356667 0.700266 0.355479 0.703391 0.354146 0.706656 0.352812 0.712063 0.356333 0.713187 0.3595 0.713187 0.362854 0.711562 0.365521
0 0.4895 0.366125 0.500203 0.367438 0.501672 0.364187 0.507266 0.365812 0.505328 0.371646 0.509469 0.371 0.514813 0.363208 0.514094 0.359312 0.505328 0.357042 0.501672 0.352812 0.495828 0.34925 0.490719 0.354125 0.4895 0.356063
0 0.340016 0.379292 0.352703 0.379917 0.363734 0.378979 0.365859 0.373646 0.368672 0.367708 0.365609 0.364271 0.358812 0.369896 0.356922 0.373021 0.353172 0.368333 0.350359 0.368333 0.346828 0.366771 0.342844 0.366458 0.341203 0.368333 0.34025 0.372083
0 0.545719 0.373625 0.543344 0.369771 0.543594 0.363583 0.544594 0.361083 0.545594 0.359229 0.549609 0.357062 0.5535 0.357062 0.557656 0.359563 0.557781 0.36475 0.552125 0.367271 0.55075 0.367438 0.547984 0.374292
0 0.564234 0.363875 0.565547 0.359792 0.566609 0.357687 0.56925 0.355917 0.575344 0.355917 0.579047 0.350625 0.582219 0.349208 0.587781 0.349562 0.590156 0.350979 0.594922 0.351687 0.597562 0.352396 0.599688 0.355917 0.599156 0.360854 0.590953 0.364375 0.58725 0.369333 0.585922 0.371792 0.582219 0.372146 0.579578 0.373563 0.577719 0.375312 0.574281 0.371437 0.570312 0.370729 0.564484 0.365083
0 0.442188 0.377917 0.440797 0.373563 0.440797 0.368917 0.444062 0.3655 0.449875 0.363625 0.453844 0.368292 0.454547 0.373563 0.454078 0.376667 0.451516 0.378542 0.446859 0.377292 0.443125 0.379167
