0 0.42225 0.0709368 0.392203 0.0529274 0.374172 0.0686885 0.374172 0.0844496 0.363641 0.0912178 0.345609 0.0754567 0.324578 0.0732084 0.315563 0.102482 0.284 0.100234 0.276484 0.12726 0.255453 0.129508 0.231406 0.145269 0.229906 0.174543 0.249437 0.208337 0.288516 0.22185 0.354625 0.226347 0.362141 0.192576 0.381672 0.156534 0.401219 0.113747
0 0.463031 0.218314 0.442719 0.218314 0.437641 0.210703 0.436375 0.187869 0.440188 0.15363 0.451609 0.140304 0.463031 0.151733 0.473187 0.159344 0.474453 0.191686
0 0.157656 0.187728 0.17025 0.171452 0.181625 0.171967 0.189906 0.177658 0.191453 0.19548 0.19025 0.200398 0.181109 0.197026 0.173687 0.202459 0.160578 0.203489 0.158 0.200141 0.157828 0.19082
0 0.381734 0.239508 0.365609 0.236276 0.362391 0.21534 0.374219 0.187939 0.406469 0.168618 0.424734 0.154122 0.433344 0.139602 0.435484 0.134778 0.440859 0.107377 0.445156 0.0848244 0.461281 0.0767681 0.501062 0.0655035 0.516109 0.0848244 0.531156 0.105785 0.552656 0.108993 0.552656 0.126721 0.518266 0.255621 0.506437 0.244333 0.462359 0.241124 0.419359 0.239508 0.398938 0.237892 0.380672 0.237892
0 0.641047 0.843044 0.678984 0.85089 0.688141 0.841077 0.695328 0.831288 0.695328 0.814614 0.695328 0.793044 0.694031 0.782248 0.686172 0.770492 0.675063 0.765597 0.654125 0.764614 0.633203 0.779321 0.627969 0.796956 0.629922 0.810679 0.631891 0.822459 0.632547 0.834215 0.637781 0.845012
0 0.227125 0.136136 0.215906 0.132623 0.209344 0.115105 0.208891 0.098267 0.211687 0.0814286 0.217781 0.0751288 0.227125 0.0751288 0.236484 0.0828337 0.246781 0.0954567 0.250531 0.103888 0.24725 0.11719 0.243047 0.130515 0.239297 0.134731
0 0.204078 0.070445 0.197609 0.0796019 0.195453 0.0914754 0.196344 0.102787 0.203531 0.108712 0.20875 0.107916 0.210188 0.0852693 0.214688 0.0785246 0.220797 0.0755738 0.218281 0.070726 0.209656 0.0669555
0 0.235219 0.0773068 0.242516 0.0741452 0.251172 0.0748946 0.256609 0.081007 0.259828 0.0882436 0.259078 0.0954567 0.257234 0.106019 0.251172 0.107143 0.249812 0.105831 0.249312 0.100094 0.246844 0.0939813 0.242891 0.08637 0.236828 0.080445
0 0.170406 0.13178 0.175578 0.145972 0.185047 0.152436 0.194094 0.159532 0.203563 0.148571 0.203125 0.133068 0.19925 0.117588 0.188062 0.114356 0.179875 0.118876 0.173422 0.127916
0 0.208234 0.110632 0.201859 0.117658 0.201859 0.126721 0.205219 0.147845 0.212938 0.151358 0.220641 0.144309 0.223 0.136276 0.213266 0.126721 0.209578 0.117166
0 0.151047 0.181522 0.131391 0.164707 0.131859 0.142248 0.146359 0.128923 0.164609 0.133841 0.169766 0.145059 0.178187 0.146464 0.19175 0.158384 0.202047 0.150679 0.216547 0.152084 0.223109 0.1626 0.216078 0.178735 0.213281 0.185035 0.215609 0.199063 0.195031 0.205363 0.190812 0.207471 0.189875 0.178033 0.173969 0.169602 0.163219 0.180117 0.158531 0.179415
0 0.224547 0.163677 0.217891 0.15733 0.217297 0.151452 0.221219 0.141944 0.226047 0.136956 0.230578 0.134707 0.235422 0.132436 0.242062 0.132436
