0 0.902266 0.37223 0.898141 0.371948 0.895203 0.369883 0.892656 0.367512 0.888719 0.363685 0.888141 0.36162 0.885188 0.358099 0.883234 0.354836 0.882437 0.34777 0.884219 0.339225 0.886375 0.331854 0.888531 0.329484 0.892844 0.325657 0.896578 0.323897 0.9005 0.323897 0.905797 0.324484 0.909125 0.326549 0.917766 0.337441 0.920125 0.346009 0.919734 0.348357 0.917766 0.349249 0.915219 0.349836 0.911484 0.351315 0.902656 0.371643 0.902656 0.37284
0 0.949203 0.447441 0.952703 0.435329 0.962172 0.423756 0.967422 0.420587 0.976187 0.421643 0.985641 0.426925 0.992656 0.433239 0.996516 0.447981 0.996516 0.469554 0.993 0.473779 0.979344 0.463239 0.970234 0.455869 0.959719 0.45061 0.952703 0.45061 0.949547 0.454812 0.9485 0.454812 0.9485 0.446925
0 0.964094 0.350352 0.955047 0.353732 0.947328 0.363638 0.944891 0.370141 0.945078 0.375235 0.945641 0.379202 0.956375 0.384272 0.961266 0.392207 0.962578 0.393615 0.969922 0.385986 0.979906 0.383427 0.984422 0.383427 0.984422 0.370141 0.980656 0.360516 0.975953 0.352606
0 0.964438 0.423216 0.965875 0.414883 0.966125 0.407629 0.965875 0.403286 0.965406 0.398568 0.964188 0.393474 0.965406 0.389484 0.972891 0.384789 0.981812 0.382958 0.989547 0.385869 0.993406 0.390211 0.998719 0.396033 0.999922 0.400023 1 0.404718 0.999437 0.414155 0.999687 0.426502 0.998953 0.440634 1 0.449695 1 0.455869 1 0.461315 0.997266 0.457324 0.996781 0.452254 0.995344 0.445 0.994375 0.437019 0.992922 0.433028 0.988094 0.42831 0.984469 0.425775 0.979406 0.422864 0.973125 0.420681 0.971187 0.420681 0.967328 0.420681 0.966359 0.421784
0 0.849953 0.350657 0.853359 0.342629 0.860172 0.328005 0.869906 0.322887 0.876234 0.324366 0.882062 0.327277 0.883031 0.33385 0.883031 0.349202 0.884984 0.357254 0.891313 0.367488 0.897141 0.397441 0.881578 0.411338 0.871844 0.385023 0.8665 0.373333 0.858234 0.36162
0 0.924563 0.427864 0.922516 0.422136 0.922078 0.417089 0.921781 0.413568 0.922078 0.407629 0.924563 0.401033 0.930562 0.390493 0.933344 0.385423 0.938312 0.382136 0.941984 0.379484 0.947391 0.379484 0.953094 0.382793 0.957203 0.384554 0.960703 0.390047 0.961734 0.393991 0.963781 0.393122 0.965828 0.395751 0.966859 0.405211 0.965094 0.41554 0.964797 0.420376 0.963641 0.422582 0.960266 0.425 0.957047 0.428732 0.953828 0.433122 0.952516 0.435986 0.949734 0.43885 0.945047 0.441268 0.944172 0.441925 0.940953 0.439718 0.939484 0.437535 0.935688 0.43446 0.933484 0.4327 0.928953 0.430047 0.924859 0.427864
0 0.942531 0.379484 0.942531 0.368192 0.935359 0.353826 0.927156 0.348192 0.918969 0.348709 0.911797 0.351784 0.905641 0.361526 0.902578 0.373826 0.90325 0.389225 0.910078 0.401549 0.92375 0.404108 0.932953 0.387019
0 0.732422 0.22338 0.727953 0.233967 0.723969 0.239977 0.728187 0.238545 0.735469 0.239977 0.741578 0.245962 0.745563 0.254085 0.746047 0.265376 0.743922 0.276315 0.750031 0.284789 0.737344 0.294648 0.724437 0.293944 0.713625 0.294296 0.702125 0.287254 0.688969 0.276315 0.684031 0.275962 0.67675 0.276315 0.676984 0.265728 0.675109 0.263967 0.672766 0.263967 0.673 0.269249 0.669953 0.262207 0.668063 0.262559 0.665719 0.25162 0.666891 0.245258 0.663844 0.240681 0.661719 0.229742 0.662906 0.224437 0.662672 0.219859 0.665016 0.211033 0.669719 0.204695 0.675109 0.20115 0.681453 0.201854 0.688031 0.203263 0.691078 0.210329 0.692969 0.217394 0.693203 0.230094 0.697187 0.225845 0.701187 0.225141 0.701187 0.215258 0.704234 0.205399 0.708 0.201854 0.712219 0.197629 0.718094 0.196925 0.723734 0.197629 0.726312 0.200446 0.730297 0.205399 0.73125 0.20892 0.732187 0.215986 0.732422 0.222676
0 0.751812 0.426972 0.71475 0.342066 0.673047 0.307254 0.643406 0.305869 0.644328 0.330915 0.616531 0.333709 0.597078 0.311432 0.58875 0.326761 0.589672 0.399131 0.616531 0.418615 0.665641 0.439484 0.679547 0.422793 0.708266 0.439484 0.728641 0.415822
0 0.692578 0.114202 0.700953 0.0921831 0.713516 0.0670188 0.732359 0.0512911 0.740734 0.0324178 0.760625 0.0402817 0.779469 0.0355634 0.797266 0.0339906 0.817156 0.0497183 0.836 0.0355634 0.845422 0.0591549 0.863219 0.0748826 0.870547 0.0874648 0.878922 0.104765 0.884156 0.12993 0.884156 0.137793 0.695719 0.125211
