0 0.605078 0.294379 0.59575 0.346072 0.619078 0.408984 0.65175 0.453928 0.696859 0.45842 0.740406 0.417968 0.752844 0.332573 0.754406 0.269661 0.718625 0.217968 0.69375 0.213476 0.662641 0.220226 0.622188 0.251693 0.608187 0.285395
0 0.44075 0.272709 0.416109 0.198578 0.416109 0.148172 0.419187 0.109639 0.425344 0.0844244 0.443828 0.0695937 0.459219 0.0636795 0.472562 0.0488488 0.455109 0.0399549 0.466406 0.022167 0.483844 0.042912 0.507453 0.0251242 0.529 0.0191874 0.575187 0.0355079 0.599812 0.0844244 0.615203 0.125937 0.618281 0.164492 0.618281 0.220835 0.605969 0.262348 0.588516 0.290519 0.559781 0.317201 0.521813 0.321648 0.493078 0.320158 0.461266 0.289029 0.446906 0.269752
0 0.395203 0.246253 0.428312 0.26219 0.453328 0.287698 0.470984 0.320655 0.481281 0.372754 0.479078 0.419526 0.470984 0.449278 0.459953 0.482235 0.445234 0.517314 0.433469 0.631061 0.418016 0.687381 0.382687 0.709707 0.348844 0.711828 0.326031 0.703341 0.3025 0.676749 0.276 0.644876 0.264969 0.595982 0.266437 0.557698 0.285562 0.51307 0.321625 0.486479 0.337078 0.479052 0.333391 0.45246 0.310594 0.400384 0.312063 0.358916 0.333391 0.283454 0.352531 0.267517
0 0.480609 0.483567 0.529203 0.471287 0.571703 0.476546 0.609359 0.508126 0.644594 0.57833 0.640953 0.669594 0.605719 0.727494 0.546203 0.748555 0.476969 0.745034 0.45875 0.711693 0.434453 0.641512 0.434453 0.587111 0.447813 0.522167 0.473313 0.494108
0 0.255687 0.294515 0.285359 0.299436 0.319906 0.310677 0.324766 0.310677 0.329641 0.298736 0.315531 0.281151 0.310172 0.274131 0.3165 0.270609 0.333047 0.286072 0.335469 0.266388 0.344719 0.235463 0.357859 0.217201 0.362234 0.209458 0.356391 0.201016 0.316984 0.201738 0.291203 0.228442 0.256656 0.144786 0.251297 0.153928 0.283906 0.229842 0.273687 0.246704 0.256172 0.278352
0 0.270047 0.301783 0.319703 0.301783 0.307297 0.375779 0.316609 0.418375 0.335234 0.474447 0.335234 0.485643 0.296438 0.501354 0.273156 0.546185 0.266937 0.573093 0.198656 0.510316 0.194 0.44754 0.200203 0.389233 0.148984 0.369052 0.150547 0.353363 0.203313 0.378036 0.220375 0.321964 0.259188 0.297314
0 0.659594 0.455034 0.706156 0.455034 0.721672 0.44833 0.762031 0.477472 0.780656 0.517833 0.786859 0.598533 0.741844 0.661332 0.698391 0.699436 0.648734 0.665801 0.645625 0.585079 0.633219 0.535756 0.625453 0.515576 0.628562 0.488668
0 0.347125 0.232957 0.369594 0.192506 0.374719 0.169729 0.396016 0.150361 0.414938 0.142393 0.418484 0.197652 0.433078 0.247201 0.434266 0.264853 0.401531 0.248916 0.376703 0.252889 0.331344 0.284221 0.343969 0.234673
0 0.762188 0.274153 0.782406 0.298871 0.797953 0.346072 0.805734 0.393251 0.787078 0.449436 0.766844 0.476411 0.724859 0.449436 0.713969 0.449436 0.735734 0.413476 0.752844 0.334831
0 0.488625 0.317743 0.473141 0.330181 0.48175 0.393115 0.461109 0.464334 0.469125 0.498307 0.48575 0.481738 0.52875 0.469323 0.580922 0.476772 0.598703 0.494989 0.626219 0.451919 0.623922 0.425418 0.592969 0.352528 0.599266 0.303657 0.588375 0.297878
