0 0.175078 0.143911 0.175078 0.143911 0.175078 0.134801 0.176016 0.122881 0.177875 0.113068 0.182094 0.108852 0.195188 0.10815 0.205016 0.111663 0.206891 0.11377 0.208766 0.122881 0.209234 0.134098 0.209703 0.136206 0.210172 0.147424 0.207828 0.147424 0.194266 0.145316 0.176484 0.145316 0.176484 0.145316
0 0.109922 0.0970258 0.126219 0.0958548 0.129703 0.0836534 0.128156 0.071452 0.117687 0.0633255 0.1045 0.06274 0.09325 0.072623 0.0909219 0.0854098 0.0917031 0.0935363 0.09325 0.0952927 0.0963594 0.0970258
0 0.0100938 0.16103 0.00810938 0.149883 0.00860937 0.128314 0.0190312 0.116393 0.0314375 0.115644 0.0433438 0.121616 0.0473281 0.134988 0.0483125 0.151358 0.0463281 0.157307 0.0359063 0.154333 0.0205156 0.156581 0.0120781 0.159555
0 0.207328 0.187799 0.222422 0.190749 0.230969 0.191733 0.235234 0.192717 0.239172 0.197143 0.240156 0.197635 0.239828 0.175995 0.240484 0.170562 0.238844 0.164169 0.237859 0.162201 0.233266 0.159742 0.218812 0.1563 0.211922 0.1563 0.205687 0.161218 0.203391 0.169087 0.204047 0.17452 0.204047 0.181405 0.207 0.191733
0 0.253672 0.137096 0.239063 0.113607 0.234734 0.1063 0.219047 0.0998126 0.17525 0.0981967 0.132516 0.097377 0.135219 0.0779391 0.14875 0.071452 0.154156 0.0617096 0.169297 0.0568618 0.180109 0.0617096 0.187688 0.0706323 0.191469 0.0738876 0.204984 0.0746838 0.207687 0.0746838 0.219594 0.0625293 0.230953 0.0649649 0.240141 0.0746838 0.243938 0.0860422 0.242844 0.0925293 0.250953 0.097377 0.25475 0.103864 0.255828 0.114403
0 0.0642812 0.148571 0.062625 0.142506 0.0620781 0.125433 0.0631719 0.119368 0.0687031 0.113021 0.0764219 0.109438 0.082125 0.109438 0.088375 0.109438 0.0940781 0.111101 0.0984844 0.116042 0.102172 0.121007 0.104188 0.1326 0.104375 0.142787 0.104375 0.149953 0.101984 0.152998 0.078625 0.148314
0 0.0347969 0.183044 0.0412969 0.166557 0.0533125 0.162787 0.0623125 0.160539 0.0718125 0.162787 0.0798281 0.180047 0.0748125 0.199532 0.0533125 0.196534 0.0367969 0.202529 0.0337969 0.194286 0.0337969 0.187541
0 0.0391094 0.10623 0.0366094 0.096089 0.0369688 0.0784309 0.0433906 0.0693443 0.0490938 0.0693443 0.063375 0.0698829 0.0705156 0.0741452 0.0737187 0.0789696 0.0740781 0.0901874 0.073 0.10089 0.0719375 0.104098 0.053375 0.105176
0 0.0622188 0.140515 0.0554687 0.143044 0.0550469 0.154426 0.0757188 0.149368 0.095125 0.12281
0 0.162297 0.187049 0.154938 0.173443 0.148125 0.165808 0.147562 0.156464 0.159469 0.154754 0.177594 0.15815 0.184969 0.164965 0.187234 0.179391 0.184406 0.190445 0.163437 0.187892
0 0.0933438 0.167026 0.10675 0.159204 0.113797 0.157494 0.126297 0.16192 0.129937 0.166347 0.125391 0.173513 0.117656 0.185433 0.117438 0.199391 0.0922031 0.199391 0.0910781 0.186112
0 0.0206563 0.108642 0.0385781 0.107447 0.0375313 0.0920375 0.0364688 0.0912412 0.0259219 0.0912412 0.0203906 0.100328 0.0206563 0.107049
