0 0.591722 0.81606 0.567558 0.82004 0.566838 0.82232 0.558766 0.84738 0.548535 0.8787 0.541208 0.90262 0.544036 0.93062 0.548021 0.94424 0.567892 0.94794 0.576658 0.9461 0.594936 0.96032 0.611645 0.9628 0.625964 0.96156 0.63473 0.94486 0.644267 0.92568 0.66653 0.90772 0.679254 0.9003 0.686427 0.88234 0.689614 0.86378 0.688817 0.8446 0.673702 0.83594 0.653008 0.82728 0.644267 0.82232 0.622005 0.81922 0.604499 0.81428 0.593368 0.81428
0 0.32347 0.70608 0.303779 0.702 0.293265 0.6979 0.297198 0.68872 0.298509 0.68462 0.288021 0.68872 0.278817 0.69178 0.266992 0.69076 0.256504 0.68974 0.236787 0.68872 0.224961 0.69178 0.214473 0.702 0.206581 0.7112 0.200026 0.72244 0.194756 0.72346 0.194756 0.72346 0.198715 0.72448 0.200026 0.72448 0.201337 0.73776 0.203959 0.75104 0.20527 0.75922 0.202648 0.76944 0.202648 0.7817 0.210514 0.78374 0.219717 0.78578 0.230231 0.78374 0.232853 0.78374 0.236787 0.79192 0.244679 0.78986 0.24599 0.79498 0.24599 0.80418 0.24599 0.8144 0.247301 0.8246 0.247301 0.8379 0.253856 0.84504 0.26437 0.85322 0.273573 0.8614 0.274884 0.87366 0.274884 0.89102 0.274884 0.90226 0.274884 0.91862 0.278817 0.92678 0.291954 0.93292 0.309023 0.93496 0.326093 0.937 0.327404 0.937 0.34054 0.92678 0.34054 0.93496 0.335296 0.94722 0.335296 0.9554 0.333985 0.9646 0.333985 0.97584 0.333985 0.984 0.339229 0.99116 0.34581 0.99626 0.356298 1 0.361568 1 0.618972 1 0.615039 0.99014 0.604524 0.984 0.592699 0.9697 0.591388 0.9605 0.591388 0.9605 0.588766 0.9605 0.579563 0.9513 0.574319 0.94824 0.565116 0.94926 0.554627 0.9462 0.545424 0.94416 0.529666 0.94416 0.536221 0.93088 0.53491 0.92474 0.527044 0.91554 0.521799 0.91044 0.517841 0.90226 0.508663 0.89408 0.500771 0.88796 0.49946 0.88694 0.500771 0.87774 0.498149 0.87774 0.487635 0.88182 0.482391 0.87978 0.470566 0.87468 0.461362 0.86956 0.448252 0.86344 0.441671 0.85526 0.435116 0.843 0.435116 0.83482 0.433805 0.82666 0.420668 0.81234 0.407532 0.80928 0.39964 0.80724 0.391774 0.80622 0.391774 0.80008 0.391774 0.796 0.389152 0.7909 0.387815 0.77556 0.382571 0.7633 0.369434 0.75104 0.365501 0.74388 0.349743 0.73878 0.339229 0.73264 0.332674 0.72244 0.322159 0.70914 0.319537 0.70608
0 0.633316 0.931 0.652339 0.9115 0.674807 0.90478 0.699023 0.90478 0.714576 0.90342 0.769023 0.9189 0.79928 0.93638 0.813985 0.97338 0.813985 1 0.618612 1 0.623805 0.96126
0 0.794113 0.94264 0.784627 0.91312 0.807404 0.88656 0.816889 0.88066 0.851028 0.87328 0.896555 0.8777 0.940206 0.88214 0.959177 0.90574 0.966761 0.93084 0.959177 0.95446 0.938303 0.97954 0.911748 0.9884 0.830154 0.9825
0 0.619434 0.81978 0.601594 0.81054 0.601594 0.79048 0.61347 0.7689 0.645193 0.75194 0.680874 0.7473 0.740334 0.77816 0.748278 0.80282 0.742314 0.82904 0.698715 0.8352 0.686812 0.846 0.635296 0.82596
0 0.251311 0.9675 0.26946 0.94426 0.270514 0.92598 0.273728 0.90192 0.273728 0.8654 0.26838 0.85792 0.241722 0.85626 0.216093 0.86788 0.181954 0.88448 0.181954 0.90358 0.175553 0.93262 0.185167 0.96168 0.194756 0.9758 0.225707 0.98326 0.237455 0.97414 0.253445 0.96168
0 0.244344 0.85546 0.244344 0.8086 0.190797 0.8086 0.133882 0.83464 0.174062 0.89974
0 0.376195 0.74636 0.391337 0.69336 0.395141 0.67028 0.400823 0.64966 0.362314 0.65604 0.344653 0.67618 0.331414 0.71152 0.331414 0.72624 0.341517 0.73508 0.357918 0.73654 0.366735 0.74588
0 0.472057 0.64162 0.579177 0.68178 0.583959 0.67062 0.568638 0.63938 0.543779 0.62598 0.51509 0.62524 0.491183 0.6297 0.48162 0.63566
0 0.604833 0.70984 0.610591 0.71058 0.615373 0.71058 0.62018 0.70686 0.624961 0.70686 0.629769 0.70984 0.635501 0.71132 0.647969 0.71506 0.653728 0.71878 0.659486 0.7255 0.664267 0.73296 0.668098 0.74116 0.668098 0.74788 0.668098 0.75086 0.64509 0.75236 0.633599 0.75384 0.624961 0.75982 0.615373 0.76802 0.610591 0.77696 0.602905 0.7904 0.601003 0.7986 0.597172 0.7986 0.586607 0.79188 0.577018 0.78592
