0 0.243786 0.531062 0.243029 0.523484 0.226658 0.506109 0.20953 0.504312 0.212507 0.513234 0.205039 0.516797 0.185692 0.519469 0.18718 0.534641 0.211018 0.534641 0.246031 0.533734
0 0.245091 0.151781 0.255065 0.147422 0.257363 0.140547 0.252376 0.132078 0.242428 0.127484 0.231697 0.127031 0.23094 0.123828 0.226345 0.119703 0.221358 0.115797 0.21906 0.115344 0.216005 0.119469 0.214856 0.124969 0.218303 0.127953 0.221358 0.130469 0.222115 0.132766 0.231305 0.134594 0.237833 0.136891 0.239347 0.139172 0.232846 0.138266 0.227859 0.138484 0.225196 0.139859 0.220209 0.139172 0.224804 0.143766 0.233238 0.148344 0.244334 0.150641
0 0.562742 0.095875 0.556554 0.103688 0.552428 0.107813 0.552428 0.110688 0.555875 0.113969 0.57235 0.115625 0.580601 0.110266 0.579922 0.0991719 0.571671 0.0971094
0 0.727337 0.0838125 0.723211 0.0891563 0.730078 0.0994375 0.754804 0.0990313 0.754125 0.091625 0.754125 0.084625 0.747937 0.0805156 0.733525 0.0801094
0 0.949869 0.106141 0.954308 0.112031 0.954804 0.119969 0.944961 0.125266 0.929739 0.125266 0.921384 0.120266 0.921384 0.116734 0.924334 0.109375 0.930705 0.105266 0.938094 0.103203 0.945457 0.102906 0.951358 0.106438
0 0.53611 0.207234 0.530131 0.197719 0.533107 0.191766 0.547023 0.189375 0.556971 0.189375 0.56295 0.196516 0.563943 0.202469 0.555979 0.207234 0.54107 0.209016
0 0.659843 0.253312 0.655587 0.248531 0.655587 0.244391 0.659843 0.240875 0.66624 0.239609 0.674778 0.242156 0.679582 0.246937 0.676893 0.252047 0.670522 0.255547 0.659843 0.257141 0.655587 0.254906 0.653473 0.251719
0 0.574517 0.186719 0.582663 0.189469 0.586736 0.193734 0.581645 0.200734 0.575039 0.202562 0.566893 0.199813 0.559765 0.193734 0.559765 0.188547 0.564856 0.186422 0.570966 0.186109
0 0.645953 0.246484 0.635352 0.245609 0.633133 0.248672 0.63094 0.257859 0.63718 0.261156 0.645587 0.26225 0.655091 0.260281 0.653264 0.255016 0.651802 0.249984 0.647781 0.245172
0 0.653055 0.271031 0.653708 0.266719 0.658277 0.264359 0.663525 0.263578 0.671384 0.263969 0.676606 0.268281 0.679243 0.272594 0.673995 0.274938 0.670078 0.276906 0.664178 0.276906 0.655666 0.275734 0.646501 0.274938
0 0.719504 0.292078 0.717807 0.303641 0.726266 0.305516 0.741697 0.304359 0.745796 0.298875 0.743394 0.293234 0.734465 0.2905 0.724334 0.290344 0.719008 0.291219
0 0.290627 0.154672 0.292454 0.146969 0.281436 0.137344 0.266736 0.136797 0.257102 0.140656 0.255248 0.148344 0.246527 0.153016 0.255248 0.162641 0.26812 0.163469 0.278225 0.161266
0 0.964935 0.233984 0.954543 0.237516 0.941305 0.237937 0.934465 0.233141 0.93188 0.226922 0.93282 0.223094 0.938251 0.219984 0.950757 0.218297 0.96329 0.219844 0.966345 0.223813 0.968251 0.230594
