0 0.450417 0.537344 0.450417 0.537344 0.438375 0.544453 0.425479 0.551547 0.403104 0.55025 0.40225 0.558641 0.397083 0.564453 0.363521 0.557359 0.363521 0.551547 0.362667 0.547672 0.362667 0.547672 0.342875 0.545734 0.339438 0.551547 0.329958 0.555422 0.311896 0.555422 0.298125 0.546391 0.297271 0.543156 0.2835 0.540578 0.281771 0.548969 0.265437 0.552187 0.247354 0.548969 0.243063 0.543797 0.240479 0.538641 0.224125 0.531547 0.214667 0.534766 0.206917 0.528312 0.212083 0.514766 0.216375 0.508312 0.224125 0.503141 0.231875 0.499922 0.244771 0.499922 0.258542 0.505078 0.264562 0.508953 0.276625 0.509594 0.287792 0.508953 0.302437 0.510891 0.306729 0.513469 0.318771 0.514766 0.330833 0.514766 0.339438 0.513469 0.361792 0.512828 0.368688 0.514125 0.378146 0.516703 0.385896 0.517984 0.395354 0.516703 0.395354 0.516703 0.396208 0.515406 0.399667 0.511531 0.410854 0.51025 0.413417 0.51025 0.422042 0.512188 0.42375 0.514125 0.443542 0.515406 0.457312 0.517344 0.459896 0.524438 0.455583 0.532188 0.455583 0.532188
0 0.384563 0.503547 0.385417 0.496453 0.388 0.491281 0.388 0.487422 0.391437 0.481609 0.401771 0.479031 0.408646 0.477734 0.420708 0.477094 0.427583 0.476438 0.433604 0.476438 0.449958 0.475156 0.452542 0.475156 0.455125 0.475156 0.461146 0.477094 0.462854 0.481609 0.462854 0.491937 0.462854 0.499672 0.462854 0.507422 0.461146 0.509359 0.456833 0.509359 0.445646 0.509359 0.428438 0.510641 0.422417 0.510641 0.413812 0.510641 0.406938 0.510641 0.398333 0.510641 0.389729 0.508719 0.384563 0.506125 0.38025 0.500969 0.38025 0.497094 0.381125 0.490641
0 0.477563 0.516609 0.494292 0.511516 0.500542 0.516219 0.503688 0.519359 0.518833 0.521312 0.535021 0.518188 0.555396 0.523672 0.560625 0.524062 0.567937 0.524453 0.56375 0.527187 0.553312 0.529938 0.549646 0.533469 0.542333 0.619266 0.501083 0.623969 0.459292 0.628672 0.461896 0.618094 0.469208 0.609469 0.474437 0.605547 0.469208 0.592625 0.467125 0.584 0.467125 0.577344 0.471292 0.570281 0.469729 0.560109 0.47025 0.556187 0.466083 0.545609 0.472333 0.536984 0.480708 0.527969 0.474958 0.522891
0 0.356563 0.628375 0.361125 0.622125 0.368208 0.61775 0.372792 0.615563 0.372792 0.609016 0.370292 0.601203 0.366958 0.600266 0.353646 0.597766 0.343646 0.600266 0.336146 0.606516 0.333646 0.614625 0.334479 0.623688 0.339479 0.628062 0.348646 0.629312
0 0.437854 0.61025 0.448667 0.603094 0.4465 0.590766 0.449979 0.581344 0.4465 0.574859 0.431354 0.572578 0.425292 0.575172 0.414042 0.580703 0.409271 0.588812 0.408854 0.59725 0.410146 0.602781 0.420104 0.604719 0.4305 0.608938
0 0.571021 0.529141 0.570458 0.524625 0.57675 0.518828 0.593083 0.515828 0.607104 0.516687 0.617125 0.523766 0.609979 0.528703 0.591646 0.5315
0 0.681229 0.571078 0.678312 0.565031 0.672437 0.560906 0.667312 0.558437 0.661813 0.555969 0.659604 0.551016 0.663271 0.544969 0.675 0.540297 0.684896 0.540297 0.695896 0.544422 0.705438 0.559812 0.700292 0.564766 0.694062 0.567781
0 0.660396 0.555969 0.654771 0.554656 0.649563 0.556609 0.637875 0.57025 0.637875 0.576094 0.650875 0.581281 0.657354 0.578688 0.666458 0.577391 0.679 0.577391 0.680312 0.572187 0.678562 0.567969 0.667312 0.558563
0 0.709063 0.573125 0.719021 0.573438 0.727333 0.577484 0.732313 0.581844 0.733979 0.587141 0.730667 0.599922 0.724021 0.599922 0.716958 0.602406 0.711979 0.605516 0.711146 0.599922 0.706167 0.595562 0.699104 0.593063 0.691625 0.590891 0.695771 0.581234 0.699938 0.57625 0.703667 0.574375 0.708229 0.573438
0 0.130188 0.632437 0.145062 0.610859 0.153 0.602688 0.158938 0.590031 0.170854 0.584828 0.173833 0.575156 0.185729 0.564 0.2145 0.564734 0.215479 0.578125 0.230375 0.573672 0.234333 0.569953 0.225417 0.561766 0.24525 0.558047 0.270042 0.558781 0.318646 0.561766 0.359333 0.558781 0.391063 0.56325 0.416854 0.566219 0.435708 0.569953 0.447604 0.568453 0.448604 0.580359 0.441667 0.627969 0.417854 0.633188 0.395042 0.636156 0.395042 0.645094 0.377188 0.635422 0.365271 0.633188 0.343458 0.635422 0.3375 0.630203 0.314688 0.633922 0.293854 0.641359 0.283938 0.642859 0.280958 0.651781 0.248229 0.651781 0.233354 0.645094 0.234333 0.642109 0.221438 0.640625 0.206563 0.648813 0.189687 0.647312 0.153 0.647312 0.157958 0.640625 0.141083 0.639141 0.138125 0.633922
0 0.543875 0.501609 0.537979 0.511453 0.512375 0.513422 0.507792 0.511453 0.512375 0.478484 0.524854 0.480953 0.529438 0.487828 0.541917 0.496203
0 0.628437 0.519969 0.630708 0.528703 0.638792 0.533312 0.657229 0.535266 0.665958 0.5355 0.666937 0.530641 0.6595 0.517781 0.646563 0.515109 0.629396 0.515109
0 0.607583 0.613 0.617771 0.61075 0.638458 0.610531 0.648625 0.615922 0.655229 0.625578 0.652833 0.635687 0.648625 0.636141 0.628562 0.631203 0.601292 0.633891
