0 0.660732 0.322484 0.657406 0.332422 0.650753 0.336562 0.658515 0.347328 0.658515 0.356438 0.641883 0.370531 0.617469 0.431813 0.650753 0.429328 0.685126 0.416078 0.723933 0.398687 0.739456 0.382125 0.738347 0.352297 0.721715 0.341531 0.70841 0.326625 0.688452 0.327453 0.672929 0.323313
0 0.419582 0.349797 0.414017 0.390172 0.444226 0.415719 0.48477 0.4175 0.535649 0.422844 0.561904 0.410375 0.577008 0.380078 0.557929 0.347422 0.536444 0.349203 0.427531 0.350391
0 0.251339 0.409078 0.314644 0.393125 0.374142 0.488266 0.323033 0.509906 0.256674 0.515031 0.235335 0.450094 0.249812 0.447813 0.253619 0.463187 0.271172 0.474594 0.292531 0.472312 0.305502 0.460922 0.307782 0.451234 0.303201 0.437563 0.29023 0.430719 0.267364 0.433578 0.263536 0.416484 0.253619 0.410781
0 0.183494 0.464453 0.156234 0.462141 0.132071 0.446406 0.11659 0.433453 0.120293 0.414469 0.130837 0.399203 0.189059 0.375141 0.251632 0.380234 0.274561 0.389484 0.273933 0.396437 0.268368 0.403828 0.252259 0.411703 0.223138 0.408 0.20454 0.418641 0.207029 0.432516 0.221276 0.440844 0.221904 0.441312 0.188452 0.463984
0 0.187887 0.374156 0.212092 0.330562 0.266172 0.323125 0.298912 0.322063 0.344456 0.345453 0.357259 0.367766 0.360105 0.376281 0.267594 0.381594
0 0.393933 0.318484 0.387803 0.329906 0.400063 0.340578 0.408222 0.348969 0.409247 0.350484 0.423536 0.348203 0.449038 0.348969 0.466381 0.345156 0.475565 0.340578 0.484749 0.329906 0.492908 0.322297 0.500063 0.31925 0.500063 0.313906 0.497008 0.299422 0.48272 0.303234 0.47046 0.307047 0.435774 0.312391
0 0.608452 0.301953 0.601046 0.310891 0.581088 0.319406 0.549728 0.320688 0.521799 0.306219 0.516109 0.292156 0.516109 0.279813 0.52295 0.271297 0.534351 0.261516 0.558285 0.253 0.570837 0.252562 0.583933 0.275563 0.59477 0.287062 0.603891 0.299406 0.606172 0.302375
0 0.530628 0.434094 0.585063 0.453453 0.63431 0.456687 0.692197 0.420547 0.682699 0.416031 0.624812 0.431516 0.609247 0.430219 0.633452 0.397953 0.540126 0.426359
0 0.347259 0.416344 0.337385 0.427656 0.326172 0.408953 0.325523 0.406 0.357134 0.408953 0.389435 0.427656 0.399979 0.442906 0.403264 0.466531 0.392071 0.481781 0.386799 0.491625 0.374268 0.487203 0.354498 0.458172 0.350544 0.450781 0.361088 0.462109 0.370314 0.461609 0.386799 0.449313 0.384812 0.439953 0.384163 0.434047 0.376255 0.427656 0.369665 0.422234 0.35977 0.418797 0.348577 0.415359 0.344623 0.416828
0 0.386025 0.511688 0.466004 0.475328 0.396464 0.412984 0.406883 0.457141 0.392971 0.488312 0.386025 0.496109
