0 0.148121 0.632729 0.121765 0.637745 0.0966503 0.626438 0.0853595 0.612631 0.0753105 0.592549 0.0853595 0.566193 0.0991667 0.553627 0.129297 0.551127 0.146879 0.56116 0.15817 0.5825 0.159428 0.616405
0 0 0.618268 0.00921569 0.611307 0.0310784 0.600915 0.0564869 0.594232 0.0751961 0.594641 0.0877614 0.606405 0.089951 0.627974 0.0808007 0.636977 0.0704248 0.647908 0.064951 0.658301 0.0666013 0.676324 0.0523856 0.662663 0.034902 0.653922 0.0152288 0.649003 0.00212418 0.651732 0 0.651732
0 0.0652778 0.478464 0.0836111 0.482859 0.100458 0.479199 0.123905 0.471127 0.142222 0.44768 0.145882 0.430833 0.145147 0.422042 0.129771 0.404444 0.11585 0.394935 0.0945915 0.389069 0.0791993 0.388333 0.049902 0.389804 0.0337745 0.409575 0.0301144 0.424232 0.0301144 0.438154 0.031585 0.446225 0.0367157 0.458676 0.0476961 0.468938 0.0586928 0.471863
0 0.120539 0.702582 0.0710948 0.707222 0.0571732 0.680948 0.0602614 0.670114 0.064902 0.662386 0.0679902 0.651569 0.074183 0.642304 0.0834477 0.636111 0.103546 0.631487 0.131356 0.639216 0.140637 0.64848 0.148366 0.662386 0.143725 0.691765
0 0.139085 0.637075 0.149477 0.666585 0.146732 0.689526 0.164232 0.693905 0.178971 0.684069 0.20848 0.678595 0.219967 0.672042 0.222141 0.65018 0.215049 0.633791 0.198105 0.621765 0.165866 0.613578 0.146732 0.628873 0.141275 0.637614
0 0.220425 0.609755 0.233709 0.60384 0.248464 0.599412 0.276503 0.608268 0.279461 0.618611 0.279461 0.636307 0.270605 0.652549 0.244036 0.665833 0.22781 0.677647
0 0.0616667 0.715572 0.00401961 0.74232 0 0.703219 0 0.657925 0.00196078 0.643513 0.0534314 0.651748 0.0616667 0.664101
0 0.130261 0.559085 0.167549 0.546307 0.177141 0.534592 0.190997 0.522859 0.183529 0.507958 0.177141 0.48451 0.16116 0.475997 0.150507 0.47067 0.119608 0.471732 0.0908497 0.487712 0.0897876 0.496225 0.0908497 0.507958 0.0951144 0.519673 0.0983007 0.523938 0.103627 0.533513 0.112157 0.542042 0.118546 0.549493 0.134526 0.553758
0 0.190588 0.625441 0.156944 0.614232 0.156944 0.567157 0.181618 0.549216 0.195065 0.542484 0.217484 0.558186 0.239918 0.580605 0.228693 0.589575 0.230948 0.607516 0.221977 0.618725
0 0.00107843 0.485114 0.0159641 0.47098 0.0226634 0.445686 0.0226634 0.436013 0.0129902 0.412206 0 0.39585 0.00107843 0.480654
0 0.0893791 0.495539 0.0970588 0.531046 0.0653922 0.560801 0.0346732 0.555997 0.00779412 0.549281 0 0.521454 0.00395425 0.490735 0.012598 0.475376 0.0145098 0.459069 0.0241176 0.453301 0.0346732 0.455229 0.0461928 0.465784 0.0567484 0.471536 0.0701797 0.474428 0.0903431 0.484984 0.0903431 0.495539
