0 0.00753125 0.276037 0.00451563 0.332214 0.0331406 0.356923 0.0451875 0.388392 0.0512188 0.410862 0.0512188 0.449068 0.0512188 0.482774 0.0692969 0.46704 0.0828438 0.435571 0.0933906 0.426597 0.088875 0.372657 0.0828438 0.323217 0.0768281 0.300746 0.0677813 0.276037 0.06025 0.262541 0.0376563 0.255804 0.0256094 0.253566 0.00603125 0.258042
0 0.198547 0.481538 0.174219 0.50007 0.160172 0.518625 0.150438 0.536364 0.146656 0.554918 0.162328 0.547646 0.185578 0.541212 0.203953 0.542005 0.220172 0.554918 0.240172 0.569417 0.252062 0.593613 0.252062 0.567809 0.245578 0.553287 0.245578 0.546853 0.255312 0.55007 0.263953 0.554918 0.270437 0.545245 0.279094 0.535548 0.285578 0.531515 0.268813 0.498462 0.239094 0.478298 0.220703 0.472657 0.200172 0.475874
0 0.541469 0.690909 0.511875 0.664942 0.471828 0.64676 0.417859 0.675315 0.403922 0.638951 0.435266 0.607786 0.463125 0.592214 0.510141 0.587016 0.529281 0.612984 0.543219 0.662331
0 0.704703 0.746387 0.713094 0.721329 0.722422 0.694872 0.735484 0.683753 0.751344 0.674009 0.778406 0.675385 0.801734 0.680956 0.826922 0.714359 0.837187 0.744988 0.840922 0.781166 0.840922 0.810396 0.840922 0.811795 0.835313 0.828508 0.833453 0.829883 0.824125 0.841026 0.817594 0.789534 0.813859 0.775618 0.799859 0.751935 0.780266 0.738019 0.780266 0.738019 0.739219 0.721329 0.715891 0.740816 0.701891 0.749161
0 0.800625 0.9131 0.734281 0.875711 0.721016 0.869114 0.694484 0.763543 0.734281 0.710746 0.818312 0.763543 0.825688 0.8669
0 0.160172 0.462331 0.125359 0.415594 0.0922813 0.402587 0.0853125 0.293497 0.135797 0.290909 0.158438 0.32986 0.165406 0.415594
0 0.126937 0.569767 0.168125 0.506457 0.161891 0.459907 0.136922 0.428228 0.103219 0.424522 0.0844844 0.428228 0.0470469 0.497133 0.0745 0.497133 0.110703 0.541841
0 0.39875 0.652378 0.375484 0.617669 0.344156 0.597646 0.329828 0.597646 0.301187 0.606993 0.263594 0.64972 0.251078 0.590956 0.249281 0.54958 0.268078 0.554918 0.288656 0.528205 0.312828 0.517529 0.367422 0.532214 0.397859 0.568275 0.410375 0.631026
0 0.549578 0.698345 0.564172 0.669324 0.589453 0.65627 0.613781 0.653357 0.637125 0.662075 0.658516 0.675128 0.66825 0.718671 0.669219 0.734615 0.654625 0.724476 0.627391 0.711399 0.601125 0.712867 0.577781 0.725921 0.551531 0.718671 0.548609 0.707063
0 0.253844 0.378159 0.232 0.353497 0.208375 0.347319 0.182406 0.35965 0.171187 0.380793 0.164094 0.402821 0.172359 0.444219 0.187719 0.470653 0.19775 0.478578 0.230234 0.475058 0.252078 0.487389 0.258578 0.488275 0.265656 0.459207 0.275109 0.432774 0.282187 0.419557 0.278656 0.400186 0.250891 0.377273
0 0.332203 0.403776 0.293156 0.407949 0.276422 0.427716 0.263859 0.468275 0.258984 0.492214 0.277109 0.51303 0.287578 0.525501 0.293859 0.530699 0.316859 0.519254 0.357313 0.531748 0.369859 0.527576 0.386594 0.495338 0.391484 0.474522 0.351031 0.418345 0.330109 0.401702
0 0.399406 0.56958 0.369781 0.532098 0.391328 0.485245 0.407469 0.470513 0.451453 0.462494 0.495422 0.528089 0.499 0.54683 0.484641 0.577622 0.462219 0.577622 0.423625 0.613753 0.410172 0.627133
0 0.483359 0.577319 0.494094 0.55021 0.513922 0.545291 0.55025 0.539138 0.580797 0.571166 0.602266 0.609347 0.588234 0.636434 0.580797 0.663543 0.564281 0.678322 0.548594 0.6931 0.529609 0.62042 0.490797 0.579767
