0 0.551016 0.52188 0.551016 0.49274 0.55806 0.4826 0.566651 0.47108 0.584642 0.45956 0.600277 0.45212 0.61358 0.4467 0.677968 0.4447 0.699515 0.46336 0.708499 0.47114 0.742656 0.49474 0.737252 0.4963 0.746236 0.51964 0.749838 0.5352 0.737252 0.56166 0.722887 0.57722 0.704919 0.59122 0.690531 0.60056 0.667182 0.60522 0.66 0.6021 0.649215 0.59744 0.63843 0.59122 0.589931 0.599 0.584527 0.60056 0.550393 0.53052
0 0.214411 0.41808 0.237829 0.40996 0.283072 0.41538 0.310393 0.42484 0.347829 0.4505 0.369677 0.48294 0.377483 0.51538 0.371247 0.54444 0.355635 0.55592 0.334573 0.56268 0.315843 0.5593 0.29321 0.56132 0.259677 0.57078 0.251871 0.57484 0.230808 0.58768 0.20582 0.57618 0.187113 0.56402 0.176189 0.54646 0.176952 0.53498 0.184758 0.5228 0.18164 0.51538 0.174619 0.51334 0.168383 0.51876 0.165266 0.5201 0.16291 0.50862 0.16448 0.46808 0.182425 0.43766 0.215196 0.41808
0 0.551824 0.34388 0.5403 0.31396 0.551824 0.26836 0.569931 0.24982 0.601178 0.2427 0.635751 0.2427 0.660439 0.24982 0.686767 0.27548 0.688406 0.3111 0.685104 0.34532 0.655497 0.36526 0.625866 0.37382 0.592956 0.36954 0.560046 0.35102
0 0.672517 0.40582 0.647829 0.39014 0.659353 0.36306 0.682379 0.34882 0.688984 0.33456 0.697206 0.32602 0.721894 0.32174 0.739977 0.32316 0.763025 0.32744 0.789353 0.3417 0.814042 0.36592 0.818984 0.393 0.802517 0.4158 0.776189 0.3987 0.744919 0.3873 0.702148 0.39158
0 0.659122 0.2467 0.682517 0.23926 0.698129 0.23792 0.7106 0.24264 0.72388 0.244 0.732448 0.24804 0.737136 0.25414 0.746513 0.25954 0.754296 0.27102 0.757436 0.28588 0.758984 0.29738 0.759769 0.30684 0.758199 0.31968 0.752748 0.3244 0.716074 0.3217 0.700462 0.32644 0.688753 0.3359 0.691894 0.31764 0.692656 0.30278 0.687206 0.2886 0.684873 0.28386 0.681732 0.27034 0.671594 0.26022 0.66224 0.2521 0.659885 0.25008
0 0.641316 0.44478 0.658637 0.41646 0.676928 0.40228 0.689446 0.39728 0.70388 0.39062 0.721201 0.38896 0.741409 0.38562 0.773164 0.39812 0.793372 0.41312 0.81067 0.42896 0.823187 0.45144 0.829931 0.47562 0.829931 0.48894 0.818383 0.49562 0.81164 0.50394 0.808753 0.50728 0.793372 0.51062 0.788545 0.51728 0.776051 0.52644 0.76642 0.53228 0.749099 0.53062 0.740439 0.51228 0.731778 0.49978 0.722148 0.48228 0.713487 0.47644 0.697136 0.46312 0.679815 0.45562 0.668268 0.45394 0.655751 0.44894 0.6394 0.44728
0 0.0812702 0.36232 0.0683141 0.33658 0.0667898 0.32008 0.0789838 0.2983 0.0927021 0.28244 0.121686 0.25934 0.154457 0.2439 0.161316 0.24786 0.197898 0.25446 0.211617 0.26898 0.225335 0.27558 0.224573 0.27822 0.199423 0.2967 0.167413 0.32508 0.152933 0.36206 0.149885 0.3812 0.146836 0.401 0.117113 0.39704 0.0942263 0.38186
0 0.491524 0.61398 0.514965 0.59166 0.538383 0.56528 0.545404 0.53686 0.545404 0.51252 0.526674 0.48614 0.496212 0.476 0.461062 0.47194 0.4306 0.476 0.400139 0.4902 0.379053 0.51252 0.372032 0.54904 0.379053 0.57136 0.400139 0.5815 0.425912 0.59572 0.451686 0.60586 0.472771 0.60992
0 0.50388 0.27012 0.461894 0.24416 0.410901 0.22078 0.368915 0.23636 0.36291 0.26494 0.425912 0.27792 0.485889 0.31428 0.50388 0.2909
0 0.116189 0.48736 0.0740647 0.49302 0.0693764 0.49952 0.0562818 0.49952 0.06097 0.37468 0.0871594 0.38278 0.100277 0.38764 0.12836 0.40306 0.148938 0.4217 0.159238 0.45088 0.160185 0.46952 0.150831 0.48654 0.146143 0.4914 0.122748 0.48654
0 0.165797 0.5004 0.142286 0.49136 0.109654 0.4891 0.0757044 0.49362 0.0587298 0.52076 0.0678753 0.58406 0.129238 0.58972 0.156651 0.58746 0.174919 0.57842 0.180162 0.54224 0.184065 0.51736
0 0.467275 0.38242 0.457875 0.38764 0.467275 0.42078 0.459215 0.44344 0.456536 0.44984 0.468614 0.4632 0.49612 0.47134 0.508868 0.47714 0.531016 0.49342 0.543764 0.49574 0.555173 0.48296 0.575982 0.46552 0.5894 0.4568 0.610208 0.44808 0.620277 0.44634 0.625658 0.4417 0.614249 0.40334 0.594781 0.38068 0.565242 0.36672 0.533695 0.36092 0.519607 0.35916 0.49746 0.36034 0.480693 0.37196 0.471963 0.37718
0 0.942956 0.4793 0.92933 0.48422 0.913972 0.49554 0.909446 0.5113 0.909446 0.53146 0.930462 0.56002 0.945242 0.56394 0.946374 0.50736 0.947506 0.48276
