0 0.362542 0.988766 0.446437 0.923594 0.440458 0.905625 0.461417 0.878656 0.485396 0.867422 0.521354 0.822469 0.539333 0.811234 0.584271 0.829219 0.611229 0.835953 0.665167 0.840453 0.704125 0.851688 0.749063 0.851688 0.764042 0.878656 0.797 0.874156 0.832958 0.892141 0.874917 0.896625 0.901875 0.923594 0.955813 0.910109 0.976771 0.937078 0.949813 0.979781 0.937833 0.982016 0.434458 0.988766
0 0.556063 0.792828 0.591938 0.772641 0.630792 0.712109 0.687583 0.689688 0.771292 0.694172 0.858 0.712109 0.935729 0.725562 1 0.7435 1 0.913906 0.792229 0.869063 0.627812 0.826453 0.568021 0.813
0 0.723479 0.551672 0.715417 0.566797 0.723479 0.584937 0.730875 0.582422 0.754396 0.582922 0.775229 0.588469 0.778583 0.556219 0.753729 0.545125 0.732896 0.545625
0 0.752229 0.336687 0.743333 0.345328 0.752229 0.356719 0.765313 0.348469 0.778396 0.34375 0.802479 0.347297 0.808771 0.335516 0.795687 0.324906 0.771604 0.323344
0 0.0941667 0.333031 0.100188 0.333516 0.109375 0.334937 0.117625 0.339453 0.119854 0.343031 0.125875 0.338984 0.129354 0.335891 0.131271 0.331844 0.134438 0.328281 0.130312 0.324703 0.124604 0.323281 0.114146 0.322562 0.109687 0.323047 0.105583 0.323047 0.101771 0.324953 0.0989167 0.326375 0.0973333 0.328047 0.0954167 0.330656 0.0919375 0.333266
0 0.120396 0.486188 0.0947917 0.483844 0.0916458 0.479531 0.0916458 0.476781 0.0963542 0.469344 0.0989583 0.468172 0.100021 0.467781 0.101062 0.466594 0.104188 0.465422 0.10575 0.464641 0.107854 0.464641 0.113063 0.465031 0.114125 0.465031 0.124042 0.465813 0.131354 0.468172 0.132396 0.470906 0.135542 0.474047 0.121438 0.485797
0 0.213125 0.725078 0 0.667078 0.0155 0.626797 0.0691875 0.604234 0.0906875 0.589734 0.301208 0.638078
0 0.0008125 0.681047 0.0378958 0.691875 0.0570208 0.698328 0.0874583 0.704766 0.0972292 0.706234 0.115562 0.71325 0.177229 0.734922 0.109312 0.784687 0.0367292 0.840016 0 0.866656 0 0.847328 0 0.753937 0 0.681641
0 0.816 0.380016 0.821083 0.360953 0.83225 0.349531 0.844458 0.346484 0.864771 0.345719 0.876958 0.346484 0.884083 0.356391 0.886104 0.367047 0.886104 0.383062 0.883062 0.386109
0 0.671167 0.471531 0.671167 0.49625 0.653187 0.520969 0.60525 0.561422 0.60525 0.561422 0.60525 0.561422 0.584271 0.579406 0.629208 0.592891 1 0.646813 1 0.507484 0.967792 0.4985 0.916854 0.480531 0.862917 0.462547 0.826958 0.462547 0.788021 0.462547 0.710104 0.460297 0.671167 0.458047 0.671167 0.462547
0 0.207208 0.547141 0.162542 0.541375 0.120958 0.533281 0.100937 0.525203 0.0993958 0.518266 0.119417 0.499781 0.144063 0.467438 0.15175 0.457047 0.164083 0.444328 0.184104 0.432781 0.242625 0.443172 0.287292 0.448953 0.298083 0.461656 0.305792 0.474375 0.268813 0.504406 0.236479 0.527516
0 0.674667 0.371266 0.684542 0.350109 0.695833 0.340578 0.711354 0.339516 0.724042 0.342703 0.738167 0.345875 0.743792 0.349047 0.750854 0.357516 0.748042 0.364922 0.740979 0.372328 0.73675 0.376563 0.721229 0.376563 0.708521 0.376563 0.681729 0.373391 0.678896 0.372328
0 0.0127917 0.353 0.0167708 0.340313 0.0247292 0.334359 0.0326875 0.327641 0.041625 0.320172 0.0515833 0.321672 0.0674792 0.317937 0.0764375 0.313469 0.0853958 0.310484 0.0943333 0.30675 0.0983125 0.303031 0.103292 0.300781 0.107271 0.299297 0.120208 0.297797 0.137104 0.297797 0.150042 0.297797 0.156 0.297797 0.169937 0.297797 0.179875 0.297063 0.190812 0.294813 0.199771 0.294813 0.211708 0.294813 0.222646 0.294813 0.239542 0.294813 0.251479 0.294813 0.261417 0.294813 0.269375 0.294813 0.282312 0.294813 0.290271 0.294813 0.307167 0.294813 0.323083 0.294813 0.330042 0.296312 0.333042 0.301531 0.326062 0.309734 0.305188 0.319437 0.287292 0.321672 0.267396 0.336594 0.259437 0.343297 0.236562 0.356734 0.212688 0.364938 0.128167 0.361953 0.0694792 0.363437 0.01875 0.361953 0.0088125 0.358219 0.0088125 0.354484
