0 0.420328 0.639646 0.422156 0.646313 0.426391 0.650438 0.430531 0.649146 0.435156 0.645542 0.436688 0.645292 0.437563 0.63875 0.434969 0.632458 0.430047 0.630417 0.423516 0.630417 0.420812 0.634771 0.420625 0.637208
0 0.470766 0.659562 0.467734 0.666687 0.468969 0.669312 0.472547 0.672167 0.4795 0.673583 0.480578 0.673104 0.480031 0.667646 0.479328 0.662646 0.477891 0.658604 0.476109 0.658604
0 0.0691875 0.637063 0.0682031 0.639604 0.0687187 0.642062 0.0716875 0.644958 0.0736563 0.644417 0.0765469 0.641542 0.0766094 0.638021 0.0758281 0.635917 0.0733906 0.633458 0.0706875 0.633563 0.0693125 0.634604
0 0.105813 0.625062 0.110031 0.623417 0.115734 0.623083 0.119438 0.625062 0.122906 0.628042 0.126125 0.631667 0.130844 0.637958 0.134297 0.640583 0.132328 0.644875 0.126125 0.647187 0.120188 0.650833 0.106062 0.655125 0.101109 0.655125 0.0976406 0.654458 0.0892187 0.654458 0.0882344 0.6495 0.0882344 0.640583 0.0902188 0.633 0.0959062 0.626729 0.0973906 0.626062 0.099375 0.627375
0 0.411125 0.695312 0.41625 0.684896 0.419203 0.683458 0.423781 0.684188 0.424859 0.684542 0.427016 0.684542 0.428094 0.683458 0.429172 0.683104 0.431313 0.682396 0.434281 0.681312 0.436156 0.680958 0.439391 0.680583 0.438047 0.685625 0.435891 0.687771 0.434281 0.690292 0.432391 0.690292 0.431047 0.690292 0.428359 0.690646 0.424859 0.694958 0.420828 0.69675 0.416516 0.697458 0.414094 0.697458 0.410859 0.697104 0.410859 0.694583
0 0.443297 0.664354 0.442156 0.661896 0.441156 0.656583 0.442156 0.650521 0.445563 0.646729 0.449406 0.645792 0.453109 0.647292 0.455234 0.649771 0.457234 0.654312 0.459359 0.661521 0.459359 0.661896 0.45125 0.662854 0.444719 0.665125 0.444719 0.665125
0 0.405703 0.679917 0.411078 0.673292 0.411281 0.668333 0.409 0.665583 0.402594 0.664479 0.398047 0.669438 0.395984 0.674958 0.395781 0.679917 0.399281 0.681292 0.403219 0.681021
0 0.376938 0.668688 0.379266 0.669937 0.380672 0.670875 0.382547 0.674 0.382078 0.679917 0.382078 0.682708 0.376938 0.683021 0.373437 0.681458 0.371328 0.679604 0.367594 0.678979 0.368531 0.674625 0.370859 0.670875 0.372031 0.669937 0.376703 0.669312
0 0.406531 0.690729 0.378688 0.68575 0.36 0.674417 0.356938 0.666271 0.357625 0.653583 0.376984 0.647708 0.403141 0.639104 0.414344 0.634125 0.437437 0.6305 0.447625 0.648146 0.456797 0.654958 0.404828 0.690271
0 0.120641 0.62225 0.130484 0.620437 0.136266 0.621792 0.140672 0.620896 0.143734 0.625417 0.147469 0.626792 0.150531 0.625875 0.161062 0.624521 0.174641 0.625417 0.191281 0.626792 0.195016 0.631771 0.190609 0.637188 0.165469 0.637646 0.149172 0.636292 0.141359 0.638563 0.134219 0.643542 0.127094 0.634021 0.116906 0.622708
0 0.0548906 0.642229 0.0548906 0.64025 0.0550469 0.638875 0.0562344 0.637104 0.0574063 0.635917 0.0585938 0.635521 0.0603594 0.635125 0.0624375 0.635521 0.0649531 0.637313 0.0653906 0.638875 0.0645 0.640458 0.062875 0.641646 0.0571094 0.643417
