0 0.9197 0.692933 0.9181 0.690987 0.9152 0.689227 0.91258 0.688453 0.90574 0.688267 0.9021 0.693307 0.9021 0.69584 0.90152 0.700507 0.90108 0.7036 0.89962 0.708053 0.90166 0.71408 0.90632 0.716027 0.91054 0.7168 0.91286 0.715627 0.91316 0.712133 0.91214 0.70728 0.91228 0.7036 0.91316 0.700107 0.91418 0.697787 0.91606 0.695253 0.91824 0.69448 0.91956 0.69312
0 0.92294 0.72112 0.92998 0.72112 0.93668 0.725227 0.93738 0.735547 0.93256 0.746773 0.92602 0.745173 0.91812 0.74128 0.91708 0.734187 0.9188 0.72752 0.92276 0.721813
0 0.8686 0.71528 0.87352 0.70768 0.88052 0.706987 0.88416 0.712533 0.87898 0.72048 0.87898 0.729467 0.87974 0.733627 0.86964 0.732587 0.86444 0.72912 0.86808 0.71392
0 0.86288 0.701067 0.87168 0.708507 0.88696 0.706933 0.88814 0.695573 0.88726 0.688907 0.8855 0.68344 0.88138 0.67952 0.8755 0.67912 0.86874 0.681867 0.86376 0.68264 0.86082 0.692453
0 0.88772 0.68496 0.8854 0.673013 0.88872 0.666373 0.901 0.665467 0.90134 0.6708 0.89536 0.676107 0.89668 0.686747 0.8917 0.688053
0 0.9191 0.684907 0.92182 0.67496 0.92706 0.670987 0.93378 0.668667 0.94024 0.67032 0.94696 0.674293 0.9502 0.680267 0.9497 0.684907 0.94398 0.68824 0.94322 0.694213 0.9385 0.696533 0.93452 0.696533 0.9288 0.693547 0.92332 0.692213 0.91984 0.692213 0.91958 0.69056
0 0.90622 0.688213 0.90088 0.69344 0.89676 0.688933 0.89606 0.67728 0.9007 0.672747 0.90284 0.670373 0.90586 0.6692 0.9098 0.66896 0.913 0.66896 0.9146 0.6692 0.91622 0.671093 0.91996 0.673227 0.92156 0.67584 0.92068 0.681333 0.91854 0.68608 0.91818 0.688693 0.91656 0.690373 0.91496 0.690133 0.9139 0.689173
0 0.8653 0.704827 0.85974 0.702 0.85632 0.70256 0.85248 0.704827 0.84864 0.71736 0.8482 0.72136 0.85334 0.729893 0.85804 0.732187 0.86274 0.732187 0.86744 0.72704 0.87086 0.714507
0 0.90944 0.651147 0.90754 0.65648 0.9067 0.666587 0.91682 0.671093 0.92082 0.674453 0.93368 0.66856 0.93452 0.65928 0.93452 0.651707 0.92778 0.645253 0.9204 0.6444 0.9164 0.644693
0 0.89828 0.737573 0.90096 0.726267 0.9014 0.716133 0.8947 0.710773 0.88398 0.709573 0.8804 0.71672 0.87906 0.723867 0.88152 0.734613 0.88152 0.736987
0 0.91356 0.646827 0.92492 0.644827 0.9333 0.649227 0.93478 0.6564 0.93568 0.666373 0.94824 0.673947 0.95124 0.668347 0.94644 0.6528 0.94526 0.644027 0.94824 0.638053 0.93986 0.624507 0.93778 0.63328 0.9288 0.622507 0.91834 0.625307 0.91176 0.63128 0.91146 0.638453 0.91146 0.648027
0 0.85042 0.662453 0.85266 0.66096 0.8576 0.65976 0.86162 0.660373 0.86476 0.662453 0.867 0.66424 0.86924 0.664533 0.8697 0.666347 0.87082 0.66872 0.8735 0.66872 0.87462 0.668133 0.87574 0.663947 0.87708 0.66096 0.87776 0.65768 0.8782 0.653787 0.8773 0.646027 0.8753 0.641547 0.87328 0.637653 0.86476 0.633467 0.86118 0.633467 0.85736 0.633467 0.854 0.63408 0.85176 0.635867 0.84952 0.63944 0.8475 0.64632 0.84774 0.651387 0.84728 0.655573 0.84818 0.660373
0 0.91608 0.719787 0.91402 0.714293 0.91258 0.70768 0.91382 0.702453 0.91588 0.69752 0.91876 0.69448 0.92454 0.693947 0.93032 0.694773 0.93588 0.696693 0.93898 0.69944 0.94022 0.702453 0.94 0.706853 0.9396 0.713173 0.93856 0.719227 0.93546 0.721707 0.92764 0.72144 0.92166 0.721147
