0 0.401984 0.781526 0.413797 0.767324 0.426797 0.759343 0.438609 0.755798 0.457219 0.764671 0.465781 0.780634 0.473156 0.800164 0.471391 0.828568 0.455734 0.834765 0.447766 0.856526 0.435359 0.876479 0.417938 0.876479 0.4005 0.854296 0.394313 0.81615 0.393422 0.80284
0 0.363984 0.843404 0.360391 0.85061 0.351391 0.846103 0.337016 0.83439 0.337016 0.83439 0.324437 0.828099 0.319641 0.824507 0.313063 0.805587 0.312453 0.775 0.32025 0.761502 0.326828 0.75608 0.337016 0.749789 0.346 0.747089 0.353797 0.747089 0.368172 0.754296 0.377156 0.770493 0.381953 0.78939 0.384344 0.805587 0.382547 0.8173 0.374766 0.827207 0.368766 0.833498 0.368766 0.833498 0.367578 0.838897
0 0.260531 0.889695 0.287719 0.896901 0.302125 0.91493 0.302125 0.948568 0.301328 0.965399 0.290125 0.996643 0.270937 1 0.242141 0.991831 0.230938 0.975 0.232547 0.917324 0.249344 0.894507
0 0.320781 0.986761 0.316516 0.979695 0.308812 0.971995 0.301547 0.959131 0.297687 0.946925 0.301547 0.919319 0.304969 0.906455 0.309234 0.89554 0.315656 0.8827 0.324203 0.875634 0.331906 0.870493 0.33875 0.867911 0.346875 0.865986 0.353281 0.86662 0.360984 0.874977 0.369969 0.882042 0.375953 0.89939 0.379797 0.905822 0.379375 0.918028 0.378094 0.931526 0.379375 0.954648 0.373812 0.966221 0.363984 0.975845 0.355859 0.984836 0.348156 0.991901 0.338313 0.995117 0.322063 0.993192
0 0.38725 0.967559 0.387953 0.98669 0.409891 0.989883 0.429703 0.983498 0.445266 0.93885 0.439609 0.894225 0.441734 0.879343 0.412016 0.869765 0.401406 0.869765 0.389375 0.879343 0.382297 0.891033
0 0.163078 0.856948 0.177266 0.833521 0.198531 0.828192 0.219094 0.829249 0.224062 0.839906 0.212 0.871878 0.212 0.894249 0.187188 0.893169
0 0.043375 0.977535 0.0403906 0.932582 0.0493594 0.916854 0.0388906 0.89439 0.0493594 0.871901 0.0628281 0.865164 0.0822656 0.865164 0.0852656 0.858427 0.0987187 0.835962 0.148078 0.824718 0.167531 0.853944 0.167531 0.853944 0.178 0.869671 0.161547 0.921338 0.145094 0.946056 0.130141 0.961808 0.128641 0.979765 0.128641 0.984272 0.08675 0.988756 0.043375 0.982019
0 0.234234 0.909624 0.211078 0.892254 0.211625 0.864085 0.229828 0.831784 0.295422 0.84669 0.300391 0.872371 0.295984 0.90716 0.255734 0.88892
0 0.565188 0.902019 0.545687 0.859225 0.535203 0.838967 0.536703 0.809695 0.556187 0.789413 0.596656 0.789413 0.608656 0.854718 0.590672 0.897512 0.578672 0.908779 0.569672 0.904272
0 0.836156 0.851244 0.836484 0.844202 0.843187 0.838662 0.841172 0.810516 0.850547 0.795423 0.867625 0.786878 0.887031 0.790399 0.900422 0.801455 0.909781 0.831127 0.908781 0.865329 0.898078 0.883427 0.888375 0.891455 0.869297 0.895493 0.855906 0.885939 0.841172 0.872864 0.837156 0.855258
0 0.877047 0.909883 0.885594 0.890634 0.898406 0.879413 0.925094 0.877817 0.932563 0.881009 0.938969 0.887441 0.945375 0.909883 0.947516 0.925939 0.930438 0.985282 0.922953 0.99331 0.906938 0.958005
0 0.642875 0.892864 0.655047 0.886573 0.674797 0.884859 0.682781 0.880305 0.687719 0.880305 0.697219 0.882582 0.702922 0.876878 0.705203 0.840329 0.693797 0.815775 0.674422 0.801502 0.654656 0.80608 0.637937 0.82662 0.631094 0.851174 0.630719 0.880305 0.639078 0.89115
0 0.718187 0.816596 0.707828 0.829953 0.704859 0.848521 0.704859 0.881174 0.71325 0.896009 0.723141 0.900469 0.732516 0.908615 0.7335 0.909366 0.741406 0.889319 0.747828 0.881901 0.7745 0.877465 0.778453 0.861127 0.764625 0.861127 0.743391 0.860399 0.740422 0.804742 0.734 0.806972 0.718687 0.816596
