0 0.377531 0.49625 0.380906 0.440083 0.399438 0.395125 0.411234 0.365917 0.424719 0.343438 0.458422 0.338958 0.4955 0.338958 0.519094 0.338958 0.551125 0.354687 0.562922 0.383896 0.562922 0.449063 0.549438 0.518729 0.534266 0.554688 0.505625 0.565917 0.468547 0.570417 0.441578 0.563667 0.414609 0.547937 0.379219 0.494
0 0.237359 0.501687 0.211781 0.512604 0.195406 0.512604 0.159594 0.505771 0.116625 0.436208 0.106391 0.367979 0.123797 0.297042 0.137094 0.280667 0.175969 0.267021 0.193359 0.260208 0.209734 0.268396 0.230203 0.267021 0.245547 0.284771 0.258859 0.3025 0.29875 0.366625 0.292609 0.456667 0.238391 0.507146
0 0.294781 0.367583 0.288187 0.449188 0.258062 0.494375 0.240172 0.509437 0.246766 0.544604 0.27125 0.558396 0.293844 0.565937 0.325859 0.563417 0.366344 0.52075 0.383281 0.488104 0.386109 0.445417 0.377641 0.420312 0.340922 0.381396 0.298547 0.368833
0 0.347375 0.391958 0.333828 0.347417 0.341953 0.296833 0.388016 0.249854 0.438594 0.241437 0.481938 0.269125 0.494594 0.312479 0.494594 0.336563 0.487359 0.340187 0.429563 0.341375 0.413297 0.373896 0.401562 0.410021 0.381688 0.442542
0 0.550734 0.393 0.581813 0.331479 0.619469 0.308875 0.641125 0.306375 0.691031 0.330229 0.733391 0.374167 0.754109 0.446979 0.731516 0.500958 0.694797 0.542375 0.666547 0.563729 0.617594 0.562479 0.565797 0.539875 0.550734 0.522292 0.552625 0.474604 0.556391 0.423125 0.546969 0.391729
0 0.935719 0.469625 0.947953 0.460938 0.958547 0.451146 0.961 0.422875 0.959359 0.402208 0.9455 0.3685 0.925922 0.350021 0.907984 0.339146 0.8925 0.336979 0.872109 0.342417 0.856609 0.358729 0.843562 0.367417 0.830516 0.388083 0.823172 0.405479 0.826437 0.421792 0.854172 0.413083 0.877 0.409833 0.904719 0.413083 0.917781 0.425042 0.927562 0.443542 0.930828 0.453313
0 0.890625 0.6185 0.917969 0.608083 0.96875 0.540375 0.957031 0.509125 0.947266 0.485687 0.9375 0.470062 0.912109 0.417979 0.84375 0.415375 0.818359 0.428396 0.785156 0.451833 0.767578 0.483083 0.808594 0.4935 0.830078 0.519542 0.855469 0.566417 0.855469 0.621104 0.876953 0.621104
0 0.0331094 0.272729 0.0525937 0.270125 0.0662344 0.272729 0.079875 0.285708 0.101297 0.314292 0.111031 0.324667 0.114937 0.337667 0.111031 0.355854 0.111031 0.392208 0.114937 0.410396 0.116891 0.449354 0.107141 0.464937 0.0876563 0.490917 0.0681875 0.503896 0.0545469 0.503896 0.0272656 0.503896 0.00584375 0.490917 0.00195312 0.283125 0.0116875 0.275333 0.0272656 0.270125
0 1 0.514521 0.978766 0.483729 0.970859 0.445625 0.970859 0.415625 0.972078 0.394562 0.9885 0.373479 1 0.366187
0 0.737328 0.38025 0.747234 0.363708 0.758813 0.351583 0.783203 0.341104 0.820406 0.347729 0.841891 0.365354 0.833625 0.378042 0.824125 0.401187 0.821641 0.419917 0.824125 0.423229 0.7985 0.445833 0.779891 0.464563 0.773281 0.469521 0.755922 0.469521 0.755922 0.457958 0.747234 0.413854 0.740219 0.401187
