0 0.895266 0.117208 0.895266 0.110125 0.898813 0.101875 0.905 0.0971667 0.910969 0.09775 0.914719 0.101292 0.9145 0.107188 0.911406 0.110729 0.910531 0.1175 0.908984 0.119854 0.903672 0.121917 0.899687 0.117792 0.894828 0.117208 0.894828 0.117208
0 0.986734 0.0949375 0.990969 0.0950417 0.995203 0.0970625 0.999547 0.101062 1 0.106833 0.997328 0.115667 0.992734 0.114125 0.987531 0.114125 0.98125 0.119083 0.978516 0.120021 0.97525 0.115542 0.972953 0.111312 0.972594 0.108958 0.977547 0.101167 0.981156 0.0969375 0.986469 0.0948125 0.987344 0.0948125
0 0.965781 0.118646 0.970953 0.119021 0.9745 0.122646 0.974766 0.131708 0.972594 0.138979 0.969328 0.142604 0.963609 0.144771 0.963328 0.119729
0 0.896219 0.116604 0.889594 0.117188 0.885406 0.120146 0.882094 0.1275 0.881437 0.136021 0.882312 0.140437 0.887609 0.140437 0.894 0.139854 0.896 0.139542 0.896875 0.135146 0.899297 0.129854 0.902391 0.125146 0.904375 0.122187 0.902828 0.120146 0.899297 0.117188
0 0.872375 0.132562 0.869938 0.126083 0.871438 0.119104 0.874609 0.114875 0.875734 0.112375 0.880219 0.111146 0.88675 0.111896 0.890484 0.113125 0.891609 0.116625 0.885453 0.119854 0.882453 0.124333 0.881891 0.127833 0.881891 0.133063 0.881156 0.137542 0.877422 0.136542 0.874797 0.134792
0 0.895984 0.137333 0.901547 0.1265 0.906234 0.121375 0.910078 0.115125 0.910078 0.113417 0.9135 0.107146 0.916484 0.0974583 0.922047 0.0917708 0.925891 0.0917708 0.932719 0.090625 0.933141 0.0980417 0.933141 0.115687 0.931438 0.145875 0.928016 0.149854 0.917344 0.149854 0.905813 0.149854 0.897266 0.147583
0 0.916016 0.0999792 0.911937 0.0967292 0.906484 0.0934583 0.902141 0.0916458 0.898594 0.0901875 0.893969 0.0894583 0.890156 0.0912708 0.888531 0.0945417 0.886344 0.0985417 0.884984 0.101083 0.885797 0.105438 0.886625 0.109792 0.887984 0.111958 0.890156 0.112333 0.891797 0.114875 0.892609 0.117042 0.895875 0.116687 0.895875 0.111958 0.895875 0.108333 0.898594 0.101437 0.905406 0.0970833 0.911125 0.0970833 0.915469 0.101083
0 0.745359 0.365896 0.745703 0.3585 0.743969 0.351562 0.734594 0.346458 0.728 0.346938 0.725234 0.346938 0.716562 0.350625 0.714469 0.360812 0.717594 0.370063 0.729047 0.369604 0.742578 0.368208
0 0.672781 0.328917 0.681828 0.331417 0.685609 0.328396 0.695031 0.324896 0.698797 0.319854 0.697297 0.309792 0.694281 0.303771 0.690125 0.29925 0.684469 0.298229 0.675422 0.298229 0.670891 0.302771 0.668641 0.307792 0.668641 0.313833 0.668641 0.317854 0.671656 0.328917
0 0.681969 0.334667 0.681969 0.348354 0.689719 0.357146 0.692625 0.356625 0.699031 0.350167 0.707562 0.350688 0.7095 0.340854 0.706594 0.332333 0.7 0.325083 0.695156 0.324063 0.686234 0.329229 0.681969 0.333625
0 0.905687 0.244521 0.910984 0.257479 0.910984 0.265729 0.920703 0.267292 0.926 0.264167 0.927187 0.252375 0.927187 0.243729 0.921875 0.240604 0.919234 0.237458 0.916578 0.236271 0.911578 0.236667 0.906563 0.239417
0 0.640547 0.319333 0.640391 0.33575 0.646781 0.336146 0.649813 0.324708 0.655141 0.319646 0.662203 0.318625 0.666906 0.322167 0.666609 0.312646 0.662937 0.308812 0.657984 0.306042 0.65 0.3065 0.645297 0.308188 0.643094 0.312125
0 0.479469 0.339854 0.475047 0.324854 0.483219 0.30625 0.497859 0.307146 0.506375 0.316229 0.505359 0.328958 0.498203 0.338938 0.485266 0.344833
