0 0.517344 0.554505 0.495812 0.555708 0.476906 0.577571 0.471187 0.599528 0.478359 0.632783 0.47975 0.654858 0.479891 0.66066 0.483234 0.665094 0.486031 0.668514 0.488375 0.672783 0.498688 0.680212 0.529016 0.674458 0.537859 0.658325 0.545828 0.641462 0.548531 0.631085 0.547797 0.612571 0.549031 0.602358 0.546938 0.592736 0.54325 0.587547 0.535516 0.573632 0.52925 0.562146 0.517719 0.555849
0 0.556641 0.592571 0.530312 0.561274 0.536703 0.532358 0.55425 0.503467 0.606109 0.57691 0.606109 0.590165 0.578188 0.605825
0 0.797984 0.687264 0.814359 0.723231 0.832219 0.747948 0.842641 0.759175 0.863484 0.759175 0.878375 0.752429 0.867953 0.714222 0.854547 0.676038 0.845625 0.658042 0.829234 0.651321 0.800953 0.673774
0 0.846328 0.629528 0.85125 0.635896 0.899141 0.640142 0.894203 0.655024 0.914625 0.679481 0.926609 0.712429 0.899844 0.725189 0.885766 0.731557 0.865344 0.733703 0.859703 0.724127 0.848437 0.691179 0.830828 0.65184 0.842094 0.631651
0 0.698609 0.212736 0.697953 0.19809 0.703125 0.181486 0.707656 0.160991 0.718656 0.155142 0.733516 0.156108 0.749031 0.158066 0.757437 0.168797 0.762609 0.19809 0.762609 0.200047 0.761969 0.216627 0.765844 0.221509 0.768437 0.230283 0.773609 0.232241 0.779422 0.235165 0.787188 0.242972 0.793 0.250778 0.798172 0.260542 0.801406 0.270307 0.805937 0.266392 0.816281 0.27908 0.825984 0.286887 0.831156 0.296651 0.824047 0.322028 0.814344 0.344481 0.757437 0.340566 0.750328 0.337642 0.742578 0.308373 0.743219 0.282028 0.727062 0.278113 0.722531 0.268349 0.719297 0.256651 0.714125 0.23809 0.712187 0.227358 0.719297 0.223467 0.705719 0.222476 0.697313 0.224434 0.697953 0.208821
0 0.129422 0.924741 0.110672 0.893514 0.100984 0.882783 0.0912813 0.880825 0.0815781 0.877901 0.0731719 0.877901 0.0615313 0.882783 0.0550781 0.889623 0.0427812 0.894481 0.0350312 0.903278 0.0259688 0.912052 0.0143437 0.929623 0.0136875 0.937429 0.0292031 0.955 0.0460156 0.965731 0.0647656 0.974528 0.0777031 0.97842 0.104203 0.984269 0.126188 0.991108 0.135891 0.993066 0.144937 0.997948 0.178563 0.997948 0.188906 0.964764 0.192141 0.93158 0.197969 0.914976 0.196016 0.870094 0.188266 0.850566 0.175984 0.835943 0.179859 0.821297 0.177922 0.804693 0.175328 0.792028 0.159172 0.742241 0.165641 0.731509 0.177266 0.715896 0.186328 0.696368 0.172094 0.676863 0.151406 0.668066 0.158516 0.659292 0.170156 0.665142 0.188906 0.663184 0.204422 0.662217 0.218 0.652453 0.218656 0.662217 0.221234 0.664175 0.231578 0.667099 0.237406 0.666108 0.247109 0.672948 0.251625 0.674906 0.251625 0.682712 0.241281 0.705165 0.244516 0.733467 0.252922 0.755896 0.265203 0.770542 0.275547 0.780307 0.288484 0.784222 0.294953 0.771533 0.304 0.639764 0.305938 0.610495 0.294953 0.586085 0.278781 0.559741 0.2665 0.570472 0.2555 0.579269 0.242578 0.591958 0.233531 0.61342 0.230297 0.619269 0.222531 0.56559 0.202484 0.531439 0.185031 0.515825 0.175328 0.530472 0.160469 0.549009 0.149469 0.567547 0.146891 0.585118 0.148172 0.596816 0.146891 0.607571 0.149469 0.622193 0.148828 0.629033 0.137187 0.619269 0.122953 0.624151 0.107438 0.63 0.0925781 0.635873 0.0996875 0.665142 0.108734 0.670991 0.110672 0.670991 0.0938594 0.683679 0.0912813 0.681745 0.0893437 0.676863 0.0447188 0.74908 0.053125 0.761769 0.0667031 0.783231 0.0738281 0.790071 0.0848125 0.792028 0.0945156 0.794953 0.0945156 0.806651 0.0893437 0.83691 0.111328 0.858373 0.124906 0.865212 0.131359 0.871061 0.132656 0.895472 0.130078 0.917925 0.130078 0.920849
0 0.252422 0.190165 0.245844 0.240684 0.24475 0.25559 0.235969 0.263042 0.232125 0.293679 0.22225 0.304458 0.204687 0.328467 0.207437 0.354976 0.207437 0.367406 0.171766 0.369882 0.170125 0.38066 0.231578 0.382311 0.248578 0.375684 0.266688 0.353325 0.276016 0.327642 0.262297 0.306934 0.271078 0.285401 0.292484 0.26967 0.300703 0.244811 0.307844 0.212524 0.30675 0.190165 0.310031 0.176085 0.290828 0.153703 0.276562 0.149575 0.2645 0.177736 0.261203 0.189316 0.261203 0.189316
0 0.591219 0.752123 0.565156 0.786132 0.556 0.827594 0.563047 0.847783 0.589109 0.860542 0.633469 0.875425 0.642625 0.852052 0.639109 0.828656 0.620797 0.782948 0.602484 0.75 0.589813 0.742547
0 0.847109 0.773042 0.854547 0.791014 0.870922 0.820236 0.893266 0.838208 0.9275 0.862925 0.966203 0.838208 0.964719 0.797759 0.946859 0.764057 0.918562 0.748325 0.888797 0.737075 0.872422 0.755047 0.847109 0.764057
0 0.467031 0.949316 0.416297 0.820943 0.478969 0.793915 0.511797 0.890755 0.493891 0.929057 0.4745 0.958325
0 0.490609 0.264292 0.519828 0.269953 0.531062 0.285778 0.552031 0.245094 0.534062 0.21908 0.504844 0.228113 0.477875 0.248467 0.480125 0.262052 0.489859 0.263184
0 0.305016 0.266132 0.325781 0.204222 0.339609 0.187807 0.345547 0.175142 0.360859 0.194528 0.360359 0.251958 0.357891 0.271344 0.351469 0.280307 0.344547 0.272854 0.344062 0.272099 0.338625 0.275825 0.333188 0.271344 0.32825 0.270613 0.321828 0.27658 0.317875 0.266887 0.313422 0.272854 0.311937 0.271344 0.309469 0.268373 0.303047 0.272854 0.301563 0.272854
