0 0.423859 0.311897 0.48225 0.332768 0.502453 0.34558 0.524906 0.329554 0.550734 0.326339 0.563078 0.329554 0.594516 0.327946 0.611359 0.329554 0.60575 0.34558 0.595641 0.393705 0.599016 0.435402 0.6035 0.480335 0.596766 0.501183 0.594516 0.515603 0.600141 0.536473 0.600141 0.573348 0.600141 0.589397 0.601266 0.611853 0.60575 0.621473 0.608 0.640714 0.599016 0.659978 0.596766 0.680826 0.524906 0.69846 0.48 0.70808 0.4755 0.687232 0.469891 0.659978 0.484484 0.640714 0.481125 0.58779 0.48225 0.560513 0.465406 0.534866 0.437328 0.531652 0.423859 0.531652 0.402531 0.531652 0.394672 0.557321 0.387922 0.570156 0.378953 0.558929 0.383437 0.528438 0.386813 0.509196 0.376703 0.489955 0.378953 0.477121 0.405891 0.451451 0.410391 0.420982 0.421609 0.400134 0.427234 0.380871 0.432844 0.355223 0.421609 0.327946 0.416 0.319933 0.398031 0.303884 0.399156 0.283036 0.423859 0.310313
0 0.487812 0.274018 0.48275 0.271607 0.479375 0.261987 0.481906 0.24029 0.483594 0.23067 0.489484 0.225848 0.497922 0.223437 0.506344 0.229464 0.513938 0.245112 0.513938 0.259576 0.513094 0.278839 0.505516 0.28125 0.497078 0.280045 0.491172 0.280045
0 0.495047 0.320937 0.485578 0.298415 0.491891 0.284911 0.510813 0.284911 0.521844 0.30067 0.517109 0.323192 0.507656 0.327701
0 0.610062 0.458013 0.634047 0.459911 0.648688 0.463728 0.647359 0.438996 0.654016 0.414241 0.660687 0.399018 0.678 0.399018 0.685984 0.404732 0.691312 0.410446 0.693984 0.419955 0.701969 0.456116 0.713953 0.459911 0.705969 0.517009 0.712625 0.545536 0.705969 0.55125 0.711297 0.585513 0.705969 0.589308 0.713953 0.608326 0.704641 0.629263 0.716625 0.646384 0.715297 0.680647 0.717953 0.707277 0.716625 0.714888 0.695312 0.701562 0.679328 0.709174 0.676672 0.735826 0.675328 0.762455 0.664672 0.76817 0.660687 0.764375 0.658016 0.737723 0.650031 0.735826 0.622062 0.739621 0.618062 0.737723 0.623391 0.705379 0.614062 0.669219 0.608734 0.631161 0.608734 0.572187 0.608734 0.545536 0.602078 0.50558 0.602078 0.477054 0.602078 0.471339 0.602078 0.459911
0 0.514375 0.197388 0.561578 0.204129 0.569438 0.199621 0.578875 0.195134 0.586734 0.195134 0.593031 0.181652 0.591453 0.15692 0.591453 0.141205 0.583594 0.134464 0.575734 0.129955 0.558422 0.129955 0.539547 0.129955 0.530109 0.127723 0.515953 0.127723 0.503375 0.123214 0.501797 0.125469 0.501797 0.136696 0.501797 0.163661 0.501797 0.177143 0.497078 0.195134 0.512813 0.195134
0 0.852859 0.413438 0.878203 0.403795 0.899328 0.397768 0.906078 0.406205 0.919594 0.405 0.933109 0.405 0.935656 0.420692 0.938188 0.425513 0.938188 0.443616 0.939875 0.449665 0.937344 0.459308 0.942406 0.467768 0.942406 0.472589 0.942406 0.477411 0.940719 0.487076 0.928047 0.489487 0.913687 0.494308 0.905234 0.485871 0.904391 0.485871 0.895937 0.472589 0.890875 0.468973 0.884109 0.467768 0.874828 0.466563 0.865531 0.466563 0.860453 0.467768 0.853703 0.458103 0.852016 0.426719 0.852016 0.424308 0.852016 0.414665
0 0.555734 0.276161 0.544719 0.255446 0.544141 0.23558 0.563266 0.232254 0.569078 0.234754 0.575453 0.258772 0.575453 0.272857 0.571969 0.279464 0.567906 0.281138
0 0.115219 0.105982 0.14275 0.105982 0.151922 0.117232 0.162406 0.10692 0.186 0.119107 0.191234 0.122835 0.201719 0.109732 0.21025 0.11067 0.214828 0.113482 0.222688 0.111607 0.231875 0.140625 0.227281 0.162165 0.204344 0.162165 0.187312 0.162165 0.161094 0.16029 0.154547 0.150938 0.139469 0.161228 0.119156 0.162165 0.09425 0.159353 0.0850781 0.148125 0.0791719 0.12846 0.0922813 0.101317 0.103422 0.103192
0 0.128797 0.169888 0.121766 0.171272 0.115953 0.1775 0.113047 0.188571 0.112563 0.202746 0.114984 0.212076 0.119109 0.218996 0.123469 0.218996 0.135078 0.219688 0.144281 0.217612 0.149125 0.212076 0.151063 0.202054 0.150578 0.189598 0.148156 0.180625 0.144281 0.173705 0.140406 0.17058 0.134844 0.168862
0 0.579891 0.104911 0.581078 0.113839 0.579594 0.119375 0.578688 0.121518 0.573031 0.12067 0.570641 0.110022 0.572438 0.102344 0.575719 0.0985268 0.578391 0.099375 0.579891 0.104911 0.581375 0.107031 0.582562 0.119821 0.587938 0.124911 0.589422 0.123638 0.598953 0.123638 0.608203 0.125781 0.624 0.125335 0.634719 0.124487 0.637109 0.124062 0.636219 0.112567 0.632047 0.104911 0.619531 0.10192 0.611172 0.099375 0.602828 0.0985268 0.595688 0.0972545 0.590313 0.0963839 0.584063 0.096808 0.581375 0.107031
0 0.345734 0.824687 0.33025 0.809933 0.323375 0.797656 0.314766 0.784129 0.298422 0.76817 0.288109 0.758326 0.277781 0.742366 0.268328 0.730067 0.267469 0.721473 0.273484 0.711652 0.278641 0.705491 0.284672 0.693214 0.284672 0.678482 0.289828 0.667411 0.300156 0.658817 0.30875 0.647746 0.319078 0.639152 0.324234 0.625647 0.33025 0.610893 0.337125 0.597388 0.342297 0.59 0.344875 0.580179 0.348312 0.566674 0.350891 0.564219 0.360359 0.572813 0.363797 0.57404 0.372391 0.570357 0.381859 0.567902 0.396469 0.566674 0.403359 0.566674 0.410234 0.562969 0.412812 0.560513 0.412812 0.55192 0.417109 0.539643 0.430016 0.53471 0.452375 0.53471 0.456672 0.538415 0.467 0.545781 0.479047 0.561741 0.479047 0.580179 0.477313 0.594933 0.469578 0.605982 0.477313 0.626875 0.475594 0.641607 0.469578 0.664955 0.469578 0.67971 0.470437 0.69567 0.473016 0.710424 0.469578 0.722701 0.464422 0.736228 0.472156 0.754643 0.473016 0.764487 0.468719 0.784129 0.465281 0.785357 0.390453 0.833281
0 0.00670312 0.22067 0.00395313 0.207411 0.00395313 0.19221 0.0104844 0.181406 0.0201094 0.17404 0.0321406 0.175513 0.0393437 0.185826 0.0424375 0.201518 0.0424375 0.215268 0.0365938 0.225089 0.0283594 0.222143 0.0211406 0.222634 0.0159844 0.22067 0.00773437 0.221161
0 0.194141 0.345335 0.201547 0.356786 0.202781 0.373527 0.198469 0.382321 0.192297 0.384978 0.173187 0.388504 0.163516 0.383839 0.157156 0.387054 0.149281 0.387589 0.144422 0.384911 0.139172 0.388661 0.117469 0.389196 0.109984 0.387589 0.100625 0.388661 0.0762812 0.390804 0.0725469 0.384911 0.0650625 0.388661 0.0455938 0.390268 0.0407187 0.388661 0.022 0.389196 0.000671875 0.389196 0 0.362991 0.00628125 0.351763 0.0178906 0.345335 0.02725 0.339442 0.0395937 0.337321 0.0512031 0.345871 0.0635625 0.336786 0.0721719 0.336786 0.0781563 0.344263 0.0886406 0.344799 0.105109 0.342656 0.116344 0.339978 0.125328 0.342121 0.137688 0.334643 0.148172 0.339442 0.166875 0.346942 0.184484 0.343728 0.196078 0.343728
