0 0.000859375 0.886948 0.0262812 0.893685 0.0367656 0.839765 0.0547031 0.828521 0.0980938 0.81054 0.1265 0.779085 0.157922 0.75662 0.195312 0.716174 0.222234 0.70493 0.244672 0.691455 0.270109 0.664484 0.313484 0.646502 0.335922 0.648756 0.356859 0.677958 0.377797 0.677958 0.388266 0.738638 0.340406 0.839765 0.338906 0.868967 0.317969 0.916174 0.3075 0.925141 0.265609 0.936385 0.250656 0.947629 0.229719 0.952113 0.207281 0.96784 0.183344 0.970094 0.138469 1 0 0.997066
0 0.512719 0.726362 0.476734 0.690305 0.476734 0.643028 0.499219 0.600235 0.539703 0.609225 0.550188 0.645282 0.526203 0.676808 0.514203 0.733099
0 0.750469 0.685258 0.769141 0.671244 0.78175 0.664225 0.786406 0.657207 0.790141 0.636174 0.792484 0.618638 0.789219 0.601808 0.778469 0.583568 0.774281 0.577277 0.764469 0.577277 0.753266 0.579366 0.737391 0.581479 0.728531 0.589883 0.723391 0.612324 0.721063 0.63338 0.723859 0.647394 0.728062 0.663521 0.734594 0.674742 0.743469 0.680352 0.747203 0.681056
0 0.633219 0.57946 0.6525 0.570305 0.665687 0.569554 0.683437 0.587089 0.684969 0.604601 0.668219 0.617559 0.657062 0.627465 0.651484 0.648052 0.644891 0.645 0.639313 0.622911 0.623078 0.609178 0.617484 0.60385
0 0.270734 0.669671 0.261766 0.656174 0.26625 0.633709 0.275219 0.611244 0.282703 0.6 0.294672 0.597746 0.311125 0.615728 0.312625 0.620235 0.314109 0.633709
0 0.914453 0.151315 0.924797 0.171362 0.936844 0.173967 0.947609 0.168146 0.957516 0.155211 0.96225 0.137746 0.965266 0.11446 0.959234 0.100235 0.948469 0.0982864 0.929094 0.104108 0.920063 0.111878 0.914453 0.135164
0 0.117391 0.695399 0.126094 0.682324 0.146172 0.67831 0.154547 0.679812 0.16525 0.696408 0.156547 0.706455 0.149516 0.730094 0.147844 0.748192 0.138469 0.751714 0.137469 0.732113 0.130781 0.715 0.116719 0.694883
0 0.760109 0.709883 0.751 0.700094 0.738625 0.695188 0.723 0.698146 0.706719 0.709883 0.699563 0.733357 0.700859 0.765634 0.713891 0.794977 0.728203 0.776385 0.728203 0.760728 0.732109 0.74216 0.743188 0.720634
0 0.439766 0.928099 0.429297 0.883146 0.44275 0.862911 0.447234 0.85169 0.457703 0.833709 0.465188 0.831455 0.478656 0.817981 0.495109 0.829202 0.508563 0.849437 0.510062 0.889883 0.502578 0.919108 0.487625 0.932582 0.463687 0.939319
0 0.508094 0.526432 0.514656 0.518568 0.529062 0.511667 0.534953 0.511667 0.538234 0.49446 0.535609 0.477723 0.531031 0.462958 0.533656 0.459014 0.538234 0.467394 0.540859 0.501831 0.541188 0.516103 0.545766 0.513638 0.551344 0.498873 0.545109 0.485094 0.544453 0.463944 0.53725 0.455587 0.524813 0.453122 0.515641 0.454108 0.505156 0.463451 0.498266 0.478709 0.495328 0.504789 0.499906 0.515117 0.507766 0.526432
0 0.545547 0.947324 0.546859 0.966009 0.558 0.998498 0.595672 0.998991 0.601562 0.982254 0.611719 0.968474 0.626141 0.96061 0.626141 0.946831 0.620563 0.9227 0.603531 0.898592 0.589453 0.891714 0.566844 0.899577 0.552438 0.9173 0.546531 0.946831
0 0.803484 0.769202 0.7985 0.796854 0.793031 0.803592 0.782078 0.812559 0.779094 0.820047 0.773109 0.821549 0.753203 0.814812 0.732297 0.794624 0.728812 0.772934 0.728812 0.75946 0.733781 0.739272 0.74375 0.721338 0.761672 0.710869 0.771125 0.710117 0.779094 0.716103 0.8 0.757981 0.804969 0.768451
0 0.796531 0.703099 0.787328 0.67669 0.791922 0.654085 0.800297 0.636479 0.823297 0.621408 0.846719 0.628944 0.860516 0.655962 0.868469 0.677324 0.869297 0.704977 0.859688 0.721948 0.846719 0.729484 0.832922 0.711878 0.817016 0.706854 0.801547 0.70561 0.798203 0.70561
