0 0.296347 0.789906 0.33263 0.793656 0.338894 0.818 0.33263 0.832047 0.315115 0.840469 0.280084 0.834844 0.268831 0.816125 0.270084 0.799281 0.286347 0.791781
0 0.223862 0.810719 0.185136 0.808219 0.185136 0.785031 0.192881 0.767641 0.209478 0.764328 0.229395 0.761844 0.240459 0.773438 0.251524 0.784203 0.244885 0.796625 0.242672 0.804078
0 0.165344 0.686531 0.185177 0.666375 0.212109 0.664266 0.231942 0.674859 0.233361 0.699266 0.200772 0.713047 0.180939 0.705625 0.176681 0.695016
0 0.481587 0.826953 0.485031 0.817906 0.491942 0.809531 0.507453 0.805656 0.529019 0.809531 0.540209 0.817906 0.545386 0.825016 0.546263 0.837922 0.543674 0.842437 0.533319 0.846313 0.528142 0.850828 0.523841 0.852109 0.513486 0.851469 0.510042 0.846313 0.50572 0.839859 0.50142 0.835984
0 0.315344 0.738016 0.331983 0.735094 0.352547 0.741688 0.363319 0.751203 0.363319 0.76 0.36428 0.776125 0.358413 0.787109 0.343737 0.792234 0.325136 0.786375 0.316326 0.783453 0.313382 0.780516 0.30261 0.769531 0.301628 0.757797 0.305553 0.743875 0.32023 0.734359
0 0.297244 0.968547 0.27023 0.943812 0.27023 0.928094 0.288246 0.905625 0.309248 0.894375 0.345282 0.919094 0.336284 0.937078
0 0.487495 0.974094 0.463424 0.956078 0.47547 0.926797 0.499541 0.920047 0.526618 0.931312 0.538664 0.949328 0.520605 0.976344 0.490501 0.978609
0 0.0819833 0.636172 0.0644259 0.626797 0.0594154 0.605219 0.0606681 0.593016 0.0819833 0.590203 0.115825 0.594891 0.129624 0.609906 0.133382 0.623984 0.112067 0.638047
0 0.130418 0.623641 0.117119 0.634578 0.117119 0.643203 0.129979 0.653828 0.137077 0.665766 0.159228 0.666766 0.179186 0.660797 0.182735 0.643875 0.165449 0.625297 0.145929 0.619328 0.131315 0.620656
0 0.456785 0.788234 0.47334 0.800625 0.483424 0.814375 0.481983 0.825422 0.463612 0.825688 0.449228 0.832969 0.439144 0.831891 0.432296 0.824344 0.41142 0.813297 0.412129 0.799281 0.423653 0.789844 0.434468 0.787156 0.456054 0.7885
0 0.579478 0.984266 0.00601253 0.984266 0.00601253 0.521344 0.0540501 0.528094 0.150125 0.550563 0.228184 0.573031 0.297244 0.620219 0.32428 0.631453 0.366305 0.606734 0.432359 0.606734 0.573486 0.685391 0.621524 0.741578 0.600501 0.766297 0.606514 0.788766 0.588497 0.820219 0.585491 0.844938 0.612505 0.883141 0.612505 0.903375 0.576472 0.934828 0.615511 0.961797 0.603507 0.982016
