0 0.217484 0.498479 0.228031 0.470354 0.249938 0.487667 0.297 0.479021 0.325391 0.473604 0.334313 0.469271 0.335125 0.509292 0.334313 0.535271 0.322953 0.552563 0.314844 0.579604 0.309156 0.6045 0.234531 0.536333 0.193953 0.600167 0.152578 0.527687 0.206937 0.494146
0 0.250422 0.314042 0.203875 0.286354 0.176656 0.382792 0.173078 0.424792 0.204578 0.439125 0.207453 0.397104 0.226781 0.380875 0.241109 0.372271 0.230359 0.351271 0.235375 0.337896 0.241828 0.326458
0 0.58525 0.37125 0.591688 0.328417 0.596828 0.307854 0.610953 0.283854 0.621234 0.273583 0.635375 0.271854 0.648234 0.277 0.668797 0.302708 0.675219 0.318125 0.673937 0.355833 0.668797 0.367833 0.657234 0.376396 0.648234 0.381542 0.640516 0.38325 0.610953 0.38325 0.587828 0.384958 0.586547 0.384958 0.582688 0.379833
0 0.507156 0.136146 0.503688 0.111292 0.500656 0.09625 0.502812 0.074875 0.5245 0.063875 0.548344 0.0627292 0.59475 0.0696667 0.598219 0.074875 0.59475 0.07775 0.616 0.0789167 0.635078 0.0898958 0.645484 0.107833 0.647219 0.140208 0.655031 0.151187 0.639844 0.172 0.624672 0.184146 0.602547 0.182417 0.576969 0.175479 0.563531 0.166229 0.554422 0.151771 0.542281 0.151771 0.526234 0.155813 0.507594 0.145396
0 0.591688 0.636021 0.594031 0.606271 0.597562 0.595333 0.608703 0.589854 0.633359 0.5875 0.653312 0.592979 0.670906 0.590625 0.691453 0.575771 0.705531 0.568729 0.6985 0.606271 0.694969 0.634458 0.693219 0.670438 0.696156 0.699396 0.689109 0.702521 0.604594 0.697833
0 0.351562 0.667979 0.384766 0.636729 0.472656 0.730479 0.384766 0.803396 0.353516 0.766937
0 0.349531 0.232229 0.354578 0.136146 0.392516 0.119292 0.426641 0.119292 0.442453 0.139521 0.458891 0.172375 0.456359 0.195146 0.443719 0.201042 0.465203 0.218729 0.470266 0.244875 0.478484 0.267625 0.470891 0.287 0.455094 0.283646 0.429172 0.276042 0.42475 0.287 0.436125 0.306396 0.426641 0.317354 0.419063 0.327458 0.412109 0.3755 0.389984 0.378875 0.391875 0.405854 0.391875 0.417646 0.379875 0.401625 0.365969 0.399104 0.359016 0.393208 0.348891 0.381396 0.343203 0.401625 0.328031 0.432812 0.33625 0.463167 0.337516 0.469062 0.331828 0.478333 0.336891 0.506146 0.329297 0.536479 0.322344 0.5525 0.309063 0.593792 0.304016 0.607292 0.274297 0.573562 0.239531 0.531438 0.225 0.542396 0.206031 0.587063 0.194656 0.599708 0.186437 0.594646 0.153562 0.52975 0.194656 0.503625 0.213625 0.489292 0.225 0.474125 0.229422 0.465687 0.227531 0.458104 0.26925 0.423542 0.279984 0.403313 0.310328 0.361187 0.308438 0.346 0.302109 0.328313 0.285687 0.320729 0.262922 0.305542 0.257234 0.290375 0.264828 0.260875 0.267984 0.244021 0.308438 0.206104 0.324875 0.229687 0.340672 0.251604 0.344469 0.237271
0 0.425563 0.810229 0.419109 0.765354 0.450625 0.747229 0.462797 0.72525 0.464938 0.715708 0.493594 0.710938 0.524375 0.697562 0.543719 0.694708 0.552312 0.696604 0.561625 0.756771 0.551594 0.786375 0.468531 0.836979 0.457062 0.836979 0.444172 0.821688
0 0.418953 0.674479 0.396891 0.637708 0.418031 0.5985 0.451125 0.583792 0.493406 0.573979 0.501672 0.586229 0.531078 0.623 0.547625 0.648729 0.536594 0.670792 0.511781 0.672021 0.486969 0.67325 0.457562 0.669562 0.426312 0.675687
0 0.575094 0.224062 0.58225 0.229792 0.587266 0.270854 0.587266 0.292813 0.580109 0.319542 0.577953 0.310958 0.569359 0.284229 0.558625 0.26225
0 0.237047 0.603375 0.291469 0.597208 0.320219 0.644437 0.287359 0.647187 0.239094 0.660187 0.229859 0.612271
