0 0.325281 0.876396 0.289891 0.880896 0.286516 0.880896 0.252812 0.867417 0.234266 0.860667 0.205625 0.842688 0.176969 0.838208 0.165172 0.829208 0.163484 0.788771 0.178656 0.775271 0.20225 0.764042 0.205625 0.761792 0.225844 0.734833 0.241016 0.728083 0.288203 0.714604 0.306734 0.730333 0.330344 0.746063 0.338766 0.779771 0.320219 0.833708 0.313484 0.858417
0 0.798984 0.796167 0.758453 0.793917 0.734797 0.820937 0.731422 0.836708 0.712844 0.836708 0.6875 0.854729 0.69425 0.88175 0.712844 0.911042 0.704391 0.940312 0.721281 0.969604 0.74325 0.987604 0.765203 0.987604 0.790547 0.949333 0.804047 0.976354 0.834453 0.974104 0.849656 0.951583 0.853047 0.904271 0.829391 0.87725 0.809125 0.87725 0.817562 0.834458
0 0.20225 0.844562 0.183703 0.858063 0.168547 0.889521 0.168547 0.90075 0.165172 0.911979 0.156734 0.941208 0.161797 0.983896 0.303375 0.988396 0.311797 0.952438 0.303375 0.911979 0.294937 0.8985 0.281453 0.878271 0.269656 0.871542 0.237641 0.860292 0.219094 0.853563 0.203938 0.851313 0.198875 0.851313
0 0.0942656 0.835771 0.0969844 0.798438 0.107813 0.769542 0.134016 0.763521 0.158391 0.779167 0.162016 0.808083 0.156594 0.830958 0.134906 0.845417 0.120469 0.857458 0.0978906 0.853833
0 0.210469 0.737042 0.210469 0.710583 0.214781 0.700229 0.203563 0.692187 0.200109 0.666875 0.207016 0.656542 0.213047 0.650792 0.207875 0.639292 0.213047 0.618583 0.217359 0.613979 0.223406 0.607083 0.225125 0.601333 0.235469 0.588688 0.244094 0.581792 0.244969 0.557625 0.251 0.538083 0.261344 0.507042 0.281188 0.485187 0.291547 0.480583 0.318281 0.492083 0.307063 0.523125 0.334672 0.525438 0.345016 0.547292 0.339844 0.565687 0.33725 0.578333 0.338109 0.593292 0.332937 0.616292 0.327766 0.619729 0.313109 0.633542 0.321734 0.673792 0.305344 0.688729 0.329484 0.712875 0.338984 0.746229 0.329484 0.746229 0.279469 0.720938 0.212188 0.747375
0 0.12475 0.911583 0.119906 0.88125 0.12475 0.851562 0.140234 0.834792 0.173141 0.836729 0.187672 0.86125 0.178953 0.898667 0.168797 0.927063 0.161531 0.937396 0.145562 0.939979 0.134422 0.934812 0.131516 0.930938
0 0.180344 0.773042 0.160109 0.779771 0.124719 0.766292 0.1045 0.779771 0.0859531 0.784271 0.0690937 0.768542 0.0758438 0.730333 0.09775 0.719104 0.114609 0.712354 0.116297 0.685396 0.116297 0.662917 0.143266 0.653937 0.161797 0.683146 0.192141 0.703375 0.1955 0.728083 0.185391 0.766292
0 0.0124063 0.658687 0.0193906 0.648479 0.0357031 0.642271 0.0526719 0.643604 0.063 0.660917 0.0679844 0.681771 0.0633281 0.69375 0.057 0.708396 0.0476875 0.703521 0.0317031 0.702625 0.030375 0.684875 0.0230469 0.672 0.0117344 0.661792
0 0.0424687 0.591083 0.0442813 0.583 0.0501406 0.574646 0.0568125 0.570875 0.0673281 0.570333 0.0731875 0.571937 0.0786406 0.575979 0.08025 0.580292 0.0701563 0.585417 0.0636875 0.602667 0.0562031 0.599167 0.0503437 0.598083 0.0461094 0.597 0.0418594 0.591083
0 0.962359 0.757312 0.926969 0.741583 0.920219 0.732583 0.906734 0.710104 0.9 0.689896 0.884828 0.687646 0.879781 0.662917 0.891578 0.649438 0.901688 0.644937 0.913484 0.626958 0.930344 0.617979 0.957297 0.608979 0.972469 0.617979 0.972469 0.649438 0.985953 0.667417 0.996063 0.692125 1 0.701125 1 0.725833 0.996063 0.746063 0.958984 0.770792
0 0.546063 0.737083 0.524156 0.719104 0.520781 0.692125 0.529219 0.678646 0.551125 0.662917 0.571344 0.656188 0.584828 0.671917 0.584828 0.698875 0.584828 0.719104 0.571344 0.730333
0 0.00465625 0.606104 0.00428125 0.601187 0.0065 0.595771 0.0098125 0.589375 0.0153594 0.585917 0.022 0.585917 0.030125 0.585437 0.0363906 0.586917 0.0422969 0.590854 0.0463594 0.597729 0.0467344 0.598729 0.0386094 0.602167 0.0349219 0.606104 0.0338125 0.608063 0.0282656 0.605125 0.0234688 0.604625 0.0146094 0.604625 0.0098125 0.603146 0.00576562 0.605604
0 0 0.606042 0.01175 0.585208 0.0307187 0.587438 0.0329531 0.5785 0.0402031 0.571063 0.0452344 0.559917 0.0407656 0.539813 0.027375 0.535354 0.0156563 0.521958 0.00896875 0.510062 0 0.507833
