0 0.879813 0.838454 0.876688 0.846956 0.874141 0.848993 0.868094 0.849883 0.857344 0.847237 0.844266 0.836417 0.840359 0.801288 0.847391 0.782834 0.854031 0.781077 0.869063 0.781663 0.882938 0.792201 0.884891 0.794262 0.893672 0.787237 0.902078 0.787237 0.910281 0.79103 0.918875 0.794262 0.92375 0.803044 0.92375 0.812108 0.922188 0.824707 0.914969 0.856019 0.902078 0.859532 0.8845 0.858946
0 0.817391 0.786417 0.812359 0.77637 0.807656 0.768314 0.804312 0.756745 0.805984 0.74719 0.812016 0.739649 0.82275 0.73815 0.831484 0.740656 0.837516 0.750726 0.840531 0.766815 0.830813 0.784403
0 0.844781 0.746885 0.849266 0.742389 0.863703 0.747166 0.869703 0.757283 0.876453 0.754754 0.887687 0.752225 0.897437 0.757564 0.897625 0.763443 0.88975 0.769906 0.883188 0.770749 0.880562 0.772155 0.878516 0.77918 0.876453 0.786487 0.875891 0.786768 0.870266 0.782272 0.867453 0.78171 0.864453 0.780023 0.859766 0.780867 0.856953 0.781148 0.853578 0.781148 0.849641 0.781991 0.847578 0.783115 0.844406 0.788454 0.841781 0.783115 0.840844 0.777494 0.836344 0.774684 0.838219 0.770749 0.840844 0.765972 0.839719 0.759508 0.838594 0.754192
0 0.930984 0.819063 0.942031 0.820726 0.947563 0.812436 0.954187 0.823208 0.958609 0.838103 0.982375 0.837283 0.991219 0.822365 0.992313 0.801663 0.989 0.793372 0.984031 0.787588 0.977406 0.786768 0.970219 0.786768 0.963031 0.786768 0.960266 0.787588 0.954187 0.791733 0.951984 0.795035 0.950328 0.794215 0.948672 0.783443 0.947563 0.779297 0.943141 0.775152 0.940375 0.774333 0.937063 0.774333 0.930984 0.776815 0.924906 0.777635 0.921594 0.779297 0.914953 0.78178 0.911641 0.786768 0.909437 0.79007 0.909984 0.79089 0.914953 0.795878 0.917719 0.8 0.920484 0.804988 0.922687 0.814098 0.92325 0.819883 0.92325 0.820726
0 0.704406 0.841101 0.714641 0.837283 0.721172 0.823232 0.718328 0.808759 0.706969 0.802365 0.700141 0.799391 0.691062 0.800656 0.687359 0.80534 0.685094 0.821522 0.686516 0.833864 0.690203 0.844098 0.705547 0.84452
0 0.715859 0.905105 0.712828 0.885457 0.717875 0.869321 0.725281 0.8663 0.734687 0.8663 0.744109 0.87185 0.747797 0.880913 0.749156 0.896042 0.743437 0.911148 0.734016 0.914684 0.721906 0.913185
0 0.720172 0.872857 0.720938 0.855527 0.727109 0.853208 0.740969 0.846276 0.745594 0.85089 0.747141 0.862459 0.746375 0.867073
0 0.810469 0.819438 0.813484 0.803302 0.816922 0.78911 0.806172 0.776862 0.795828 0.782014 0.790672 0.787822 0.788078 0.80267 0.791094 0.809766 0.794547 0.814286 0.802719 0.814918
0 0.605703 0.857611 0.598359 0.845316 0.599484 0.828806 0.605984 0.81904 0.613625 0.815222 0.623234 0.816089 0.626625 0.822014 0.632 0.832178 0.633984 0.844473 0.630312 0.85719 0.626625 0.858899 0.618437 0.861429 0.613906 0.860164
0 0.759797 0.802529 0.757922 0.782857 0.760422 0.770703 0.769797 0.764145 0.782297 0.766019 0.787281 0.778173 0.789781 0.799719 0.781672 0.814707 0.770422 0.816557 0.769797 0.800656 0.762922 0.802529
0 0.712047 0.78356 0.700016 0.79726 0.712531 0.807002 0.717828 0.820328 0.714219 0.841241 0.724078 0.830796 0.728406 0.811686 0.732969 0.803044 0.733453 0.794754 0.724797 0.782857 0.717094 0.777799
0 0.156594 0.95185 0.151453 0.939649 0.145031 0.931944 0.139453 0.932576 0.136891 0.920375 0.135172 0.902389 0.139453 0.886323 0.15275 0.881194 0.160891 0.880539 0.166891 0.880539 0.171172 0.885691 0.178469 0.89274 0.183172 0.905597 0.184891 0.922951 0.181469 0.940937 0.172031 0.947354 0.162172 0.952506
0 0.105297 0.93918 0.135844 0.935293 0.135187 0.91808 0.131937 0.904778 0.124578 0.896323 0.118078 0.894707 0.109844 0.89178 0.105953 0.891452 0.105078 0.938852
