0 0.720906 0.180917 0.763766 0.205187 0.790547 0.232333 0.808766 0.256625 0.817328 0.308042 0.795906 0.360896 0.776625 0.385187 0.699484 0.355188 0.615922 0.296604 0.598781 0.282333 0.602 0.235187 0.625563 0.196625 0.664125 0.188042
0 0.819031 0.288542 0.849875 0.283812 0.851047 0.260083 0.838016 0.212667 0.813109 0.144687 0.778719 0.1605 0.747891 0.190521 0.760938 0.20475 0.795328 0.237958 0.814297 0.271167 0.814297 0.298042
0 0.70225 0.177583 0.712391 0.140125 0.726438 0.114104 0.745156 0.0933125 0.763891 0.075625 0.781047 0.0953958 0.792766 0.115146 0.802125 0.140125 0.777156 0.153646 0.763891 0.164042 0.759984 0.178625 0.749062 0.190062 0.740484 0.195271 0.705375 0.178625
0 0.698141 0.0926667 0.739547 0.0822292 0.742344 0.0919167 0.704297 0.153083 0.704859 0.182917 0.639969 0.194104 0.652266 0.152333 0.685828 0.099375
0 0.851688 0.299458 0.851125 0.282375 0.854469 0.266062 0.862813 0.250479 0.867828 0.241563 0.894547 0.246021 0.920703 0.251958 0.941844 0.268292 0.962438 0.289062 0.973016 0.308354 0.977469 0.328396 0.975797 0.338771 0.970781 0.336563 0.965219 0.320229 0.960219 0.310583 0.942953 0.316521 0.905109 0.326917 0.888969 0.337292 0.877281 0.355854 0.868391 0.339521 0.850016 0.298708
0 0.879547 0.424583 0.891188 0.441833 0.965828 0.444729 0.980922 0.409062 0.982219 0.394667 0.977031 0.356708 0.965391 0.3245 0.958922 0.311271 0.902844 0.328521 0.89075 0.337146 0.883422 0.346938 0.877812 0.355562 0.880828 0.373979 0.880828 0.399854 0.879547 0.422854
0 0.821562 0.415396 0.822031 0.350375 0.834688 0.30225 0.840312 0.296625 0.853438 0.30725 0.870313 0.34475 0.877344 0.3585 0.879219 0.384771 0.879219 0.408521 0.87875 0.428521 0.849687 0.451021 0.847813 0.447896 0.848281 0.434771
0 0.848016 0.454562 0.806844 0.486125 0.790875 0.493688 0.782641 0.499167 0.765656 0.477208 0.767203 0.45525 0.762047 0.426417 0.748156 0.394833 0.773375 0.380417 0.846984 0.435333 0.849562 0.447
0 0.882359 0.428271 0.913141 0.479417 0.915984 0.511625 0.898938 0.508479 0.886141 0.512271 0.878562 0.519208 0.872875 0.541958 0.858672 0.496479 0.850141 0.483833 0.840188 0.479417 0.804187 0.488271
0 0.690641 0.38275 0.715766 0.441146 0.720797 0.471771 0.717922 0.504312 0.735156 0.520604 0.753828 0.504312 0.76675 0.48325 0.765313 0.436354 0.753109 0.400938 0.737313 0.374125 0.706438 0.3435
0 0.830156 0.190542 0.843906 0.233479 0.852656 0.270562 0.853594 0.277646 0.859531 0.255563 0.865469 0.246812 0.876094 0.243479 0.895469 0.241812 0.849219 0.187625
0 0.788094 0.101375 0.803594 0.135833 0.796953 0.142708 0.773688 0.1565 0.763734 0.166833 0.760406 0.179125 0.777391 0.162396 0.813562 0.144187 0.830906 0.192917 0.852672 0.188979 0.860437 0.201771 0.886641 0.198813 0.871875 0.160438 0.865234 0.149604 0.866703 0.142229 0.833859 0.115646 0.817609 0.107771 0.813188 0.100396 0.796578 0.0989167 0.78625 0.0979375
0 0.813312 0.316354 0.812406 0.328 0.803453 0.345333 0.819359 0.364458 0.823391 0.359083 0.824953 0.342354 0.827875 0.31875 0.833016 0.3065 0.834703 0.303229 0.836469 0.298875 0.837281 0.295417 0.836875 0.286542 0.825719 0.285812 0.818109 0.288167 0.814438 0.291437 0.814578 0.297771
