0 0.2028 0.345891 0.104118 0.463266 0.0879059 0.529781 0.0996941 0.558156 0.136518 0.582609 0.196918 0.606078 0.273506 0.618797 0.333906 0.612922 0.385459 0.603141 0.447318 0.593359 0.470894 0.582609 0.516541 0.559125 0.532753 0.534672 0.532753 0.484797 0.526871 0.445656 0.497412 0.409469 0.454682 0.393828 0.401647 0.364484 0.345694 0.341 0.211647 0.345891
0 0.806353 0.345781 0.826635 0.342266 0.836329 0.339344 0.838541 0.33875 0.850447 0.340813 0.876 0.353109 0.884376 0.363937 0.886141 0.373016 0.887035 0.380625 0.870706 0.394672 0.852635 0.396422 0.833694 0.387062 0.805482 0.387359 0.8068 0.375344 0.809882 0.365687 0.807671 0.360422 0.802376 0.349594
0 0.918729 0.373047 0.948212 0.393422 0.961788 0.410672 0.9612 0.422031 0.932894 0.424375 0.915765 0.423594 0.892776 0.413016 0.865624 0.413406 0.860918 0.405187 0.868588 0.394203 0.885694 0.380891 0.899247 0.376578 0.918141 0.372266
0 0.839153 0.434078 0.826165 0.439172 0.806706 0.44975 0.803176 0.4615 0.805529 0.469344 0.808471 0.477172 0.813788 0.481094 0.826165 0.485797 0.830894 0.488547 0.841506 0.488938 0.869247 0.4905 0.884 0.488547 0.889882 0.483844 0.895788 0.478359 0.899929 0.458766 0.896376 0.446625 0.882824 0.439172 0.866894 0.432125
0 0.894659 0.441 0.912071 0.42975 0.939506 0.425203 0.964682 0.429156 0.976588 0.432797 0.982541 0.440703 0.987576 0.450125 0.986659 0.464703 0.979341 0.47625 0.968353 0.482031 0.944541 0.48325 0.920753 0.480203 0.900612 0.470484 0.896047 0.459234 0.892376 0.446781 0.895129 0.441906
0 0.724424 0.627469 0.713859 0.61275 0.721271 0.593109 0.706471 0.5875 0.690635 0.565063 0.695906 0.553844 0.702259 0.544719 0.707529 0.541219 0.719153 0.536312 0.731812 0.532797 0.745553 0.531391 0.758235 0.532797 0.779341 0.537 0.790965 0.544016 0.7952 0.556641 0.793082 0.567859 0.788847 0.579078 0.800471 0.584703 0.803647 0.591 0.813153 0.607141 0.813153 0.617656 0.811035 0.621156 0.798353 0.621859 0.792024 0.621859 0.7804 0.621859 0.756118 0.626078 0.740282 0.626078
0 0.627506 0.319047 0.645435 0.337969 0.658306 0.347125 0.678071 0.339797 0.702447 0.339188 0.727271 0.327891 0.720824 0.310188 0.707506 0.299812 0.676706 0.288828 0.661529 0.296156 0.641765 0.299203
0 0.745459 0.309109 0.719271 0.295672 0.716047 0.281625 0.699506 0.286516 0.695365 0.294141 0.684329 0.291094 0.684776 0.284375 0.710071 0.275219 0.722024 0.272172 0.730306 0.270953 0.741788 0.272172 0.750071 0.27675 0.757412 0.280719 0.766141 0.284687 0.767082 0.285297 0.757412 0.299641 0.749153 0.307891
0 0.814306 0.387062 0.804588 0.383188 0.790024 0.388984 0.777388 0.402547 0.777388 0.412875 0.787106 0.433516 0.803624 0.445141 0.806541 0.445141 0.815294 0.438688 0.821106 0.431578 0.832776 0.428359 0.853176 0.428359 0.861929 0.427719 0.867765 0.423844 0.869694 0.411578 0.854165 0.397375 0.844447 0.385766 0.834729 0.384469 0.822094 0.383188
0 0.780447 0.294203 0.800424 0.294203 0.813035 0.292109 0.825647 0.302578 0.835129 0.312359 0.842471 0.332609 0.836165 0.339594 0.807788 0.344469 0.794118 0.345172 0.772047 0.347969 0.761529 0.338187 0.748918 0.323531 0.749953 0.309563 0.760471 0.297703
0 0.845671 0.662813 0.884847 0.661672 0.918894 0.660547 0.924 0.644719 0.910376 0.628891 0.888235 0.600625 0.828659 0.602891 0.820141 0.626625 0.838871 0.639062 0.845671 0.653766
0 0.902988 0.367344 0.883012 0.366078 0.8792 0.352187 0.839247 0.337031 0.844024 0.326922 0.815482 0.290922 0.833553 0.275125 0.845906 0.273234 0.866847 0.273234 0.893459 0.277031 0.922965 0.301656 0.956235 0.301031 0.969553 0.309234 0.980024 0.3345 0.959106 0.333234 0.934376 0.335766 0.918188 0.340187 0.905835 0.350297 0.902988 0.359766
0 0.703294 0.338078 0.726871 0.330594 0.744306 0.330937 0.764824 0.338078 0.781247 0.351703 0.785341 0.367031 0.781765 0.375203 0.770988 0.381688 0.755082 0.380656 0.739694 0.359547 0.729953 0.352391 0.700212 0.344547 0.700212 0.340469
