0 0.663813 0.24625 0.675687 0.241 0.680563 0.23 0.688958 0.225813 0.707125 0.214797 0.732979 0.216375 0.751833 0.224234 0.765104 0.234187 0.754625 0.252 0.756729 0.261969 0.760917 0.277156 0.749042 0.285016 0.727375 0.290266 0.702229 0.287641 0.682667 0.278203 0.669396 0.294453 0.660312 0.304406 0.644937 0.298641 0.635146 0.280828 0.638646 0.267203 0.649833 0.258297 0.658917 0.254109
0 0.438312 0.282203 0.441833 0.291906 0.446833 0.296969 0.469167 0.303797 0.487958 0.312609 0.507062 0.303578 0.506771 0.291234 0.495604 0.288594 0.484146 0.278016 0.481208 0.268766 0.494125 0.262813 0.496771 0.260828 0.487083 0.256641 0.475042 0.256641 0.466229 0.260828 0.461521 0.264359 0.453583 0.263922 0.440667 0.270078 0.43625 0.275813
0 0.955229 0.291875 0.963167 0.294734 0.966979 0.300031 0.966396 0.3095 0.964042 0.311484 0.960812 0.313031 0.954646 0.314344 0.953458 0.317 0.945833 0.317875 0.939958 0.315234 0.937021 0.312812 0.94025 0.310156 0.947 0.302891 0.949354 0.2965 0.949938 0.292531 0.949938 0.291219 0.949354 0.289891
0 0.616042 0.265484 0.621083 0.269266 0.624583 0.273875 0.626104 0.279125 0.625896 0.283734 0.623917 0.289156 0.618667 0.294078 0.615167 0.296375 0.610771 0.299344 0.605729 0.299828 0.595875 0.300484 0.590625 0.299828 0.583833 0.295563 0.578354 0.291281 0.575937 0.285047 0.575062 0.278797 0.5755 0.273547 0.578562 0.268453 0.581854 0.265 0.590396 0.262531 0.599167 0.261719 0.608375 0.262203
0 0.951354 0.241453 0.956687 0.243203 0.960333 0.248688 0.961333 0.253688 0.959667 0.263922 0.956687 0.269406 0.944688 0.275641 0.935708 0.275156 0.929708 0.271656 0.927729 0.267156 0.930375 0.260922 0.944021 0.256922 0.956021 0.251938 0.953354 0.247688 0.951688 0.242203
0 0.370146 0.337719 0.350542 0.335125 0.343625 0.328203 0.343625 0.316969 0.348229 0.306578 0.363229 0.299656 0.373604 0.299656 0.381688 0.307437 0.385146 0.316969 0.379375 0.328203 0.374771 0.335125
0 0.976625 0.5205 0.961354 0.521531 0.953 0.526047 0.944208 0.530906 0.9405 0.534391 0.940958 0.542031 0.94375 0.546547 0.950688 0.546547 0.958104 0.544813 0.963667 0.542719 0.969208 0.533344 0.974313 0.529531 0.977563 0.528828 0.981729 0.529875 0.984042 0.535078 0.986354 0.552109 0.996083 0.556266 0.999792 0.554875 1 0.527094 0.986812 0.520844 0.975708 0.520844 0.975708 0.520844
0 0.910937 0.500875 0.892292 0.486422 0.892292 0.476766 0.896792 0.469531 0.903208 0.464234 0.916708 0.459406 0.9225 0.461344 0.9315 0.466156 0.935354 0.476297 0.935354 0.479187 0.926354 0.488828 0.923146 0.491719
0 0.84025 0.29875 0.848771 0.289625 0.846729 0.283859 0.845125 0.279312 0.837417 0.280516 0.830125 0.280516 0.822854 0.280828 0.817979 0.284766 0.817979 0.289625 0.822854 0.292063 0.827708 0.294187 0.833771 0.292672 0.837417 0.295094
0 0.83975 0.300844 0.844437 0.300187 0.848833 0.300844 0.852938 0.303703 0.859979 0.308094 0.861437 0.31425 0.861146 0.318203 0.856458 0.319969 0.853521 0.319969 0.851479 0.318422 0.849417 0.315781 0.845896 0.314469 0.842979 0.314031 0.840625 0.313375 0.8415 0.311172 0.843563 0.308312 0.843563 0.306781 0.842979 0.304578 0.842375 0.303484 0.840917 0.301063
0 0.782854 0.220641 0.792938 0.218062 0.796563 0.217016 0.798979 0.215188 0.800604 0.213234 0.799792 0.210656 0.798375 0.209141 0.79375 0.208687 0.790708 0.208687 0.789917 0.207031 0.792729 0.205672 0.794354 0.204453 0.79475 0.202797 0.79375 0.201437 0.792125 0.200984 0.7895 0.200828 0.787292 0.199781 0.785271 0.197656 0.786896 0.195844 0.791729 0.194641 0.797979 0.194781 0.803625 0.196 0.80625 0.197813 0.810875 0.200078 0.813708 0.202641 0.815104 0.205969 0.815312 0.210812 0.815312 0.215953 0.815104 0.216859 0.812687 0.219578 0.809458 0.221844 0.807646 0.223516 0.804833 0.223359 0.802813 0.222906 0.801396 0.223969 0.799188 0.225625 0.795958 0.226844 0.792125 0.226391 0.790313 0.225937 0.7875 0.225172 0.785479 0.223813 0.783458 0.222
0 0.813062 0.219422 0.815438 0.216922 0.815208 0.211391 0.815208 0.206391 0.813542 0.202453 0.811646 0.2005 0.807583 0.198172 0.810208 0.198172 0.813062 0.19925 0.815208 0.200141 0.817104 0.201203 0.819021 0.202281 0.820438 0.202641 0.821167 0.199609 0.821167 0.195672 0.821167 0.194609 0.8245 0.195859 0.831875 0.199609 0.83425 0.202641 0.835688 0.206391 0.834979 0.208 0.833313 0.208 0.833063 0.211922 0.832354 0.213531 0.832104 0.21425 0.8295 0.217641 0.826396 0.218891 0.823771 0.220844 0.820688 0.221563 0.816396 0.221391 0.814729 0.221031 0.813542 0.219953
0 0.378854 0.301953 0.376229 0.295906 0.375146 0.286094 0.382354 0.277594 0.395437 0.273828 0.414625 0.278406 0.424875 0.287891 0.423125 0.297375 0.416812 0.302453 0.413979 0.309656 0.408521 0.319953 0.403937 0.329437 0.395208 0.340406 0.387354 0.340562 0.383875 0.334516 0.382125 0.323719 0.384313 0.314719 0.384521 0.313906 0.391937 0.307359 0.392813 0.305391 0.386063 0.303922 0.380812 0.302281
