0 0.70174 0.519578 0.73548 0.524307 0.7737 0.511446 0.79078 0.512108 0.78854 0.488404 0.7818 0.458614 0.7575 0.428133 0.74042 0.424759 0.72512 0.426114 0.71704 0.430181 0.70624 0.474187 0.70264 0.51009
0 0.34848 0.568373 0.36304 0.545693 0.38052 0.529608 0.39266 0.521566 0.37762 0.517199 0.36354 0.514277 0.33878 0.514277 0.32324 0.522319 0.30722 0.544247 0.29848 0.563976 0.29702 0.578614 0.31548 0.574217 0.33198 0.572018
0 0.68298 0.428584 0.71402 0.407801 0.71402 0.381807 0.68814 0.368825 0.68814 0.368825 0.66744 0.371416 0.65366 0.423373
0 0.87558 0.637982 0.87768 0.592259 0.89234 0.546536 0.91956 0.533916 0.96144 0.535482 0.98448 0.549669 0.99076 0.568614 0.97506 0.606446 0.96878 0.641145 0.94784 0.658494 0.9049 0.642711
0 0.48 0.746566 0.48842 0.705151 0.49572 0.685723 0.5047 0.673042 0.52152 0.663765 0.54678 0.660392 0.57202 0.662078 0.59558 0.665452 0.61354 0.673042 0.62476 0.689096 0.63992 0.722078 0.63654 0.736446 0.63992 0.742349 0.64664 0.753343 0.64608 0.796416 0.63992 0.821777 0.62364 0.829398 0.62196 0.840361 0.6141 0.852199 0.61354 0.865723 0.6141 0.87756 0.60064 0.885151 0.57314 0.891084 0.5636 0.859819 0.5434 0.860663 0.52546 0.886837 0.5103 0.876717 0.48394 0.842892 0.47552 0.793042 0.53948 0.82009 0.58718 0.820934 0.61972 0.816717 0.63598 0.80488 0.63992 0.788825 0.63992 0.776988 0.62532 0.770241 0.58436 0.748253 0.55518 0.743193 0.47944 0.7525
0 0.25888 0.389458 0.2748 0.374036 0.2714 0.329488 0.25774 0.296928 0.2293 0.291777 0.20654 0.295211 0.18832 0.314066 0.18606 0.331205 0.18832 0.339759 0.20426 0.339759 0.2236 0.338072 0.23726 0.346627 0.25546 0.368916 0.26228 0.380904
0 0.2757 0.308133 0.27066 0.288946 0.25102 0.277349 0.22898 0.279729 0.22446 0.289729 0.2242 0.291325 0.24888 0.295723 0.26084 0.30012 0.26428 0.312922
0 0.16388 0.2725 0.17926 0.279789 0.1797 0.261928 0.1999 0.25 0.19552 0.24006 0.17266 0.24006 0.16168 0.240723 0.14718 0.256627 0.14366 0.263886 0.16168 0.275151
0 0.15384 0.632108 0.14044 0.60741 0.13796 0.5775 0.13796 0.552831 0.15038 0.51244 0.16478 0.465331 0.20846 0.43241 0.24274 0.43241 0.26508 0.456355 0.27204 0.469819 0.28346 0.507199 0.2904 0.545331 0.29586 0.566295 0.29238 0.580482 0.26706 0.589458 0.19556 0.619367 0.17918 0.638825 0.17322 0.638825
0 0.0913 0.281717 0.08486 0.263825 0.08438 0.243675 0.08982 0.213825 0.09874 0.207108 0.11508 0.201898 0.12894 0.206386 0.13836 0.214578 0.13984 0.223524 0.14034 0.233223 0.12796 0.233223 0.11756 0.239187 0.11608 0.251145 0.11558 0.262319 0.11558 0.26753 0.10666 0.26753 0.09676 0.270512
0 0.18318 0.228072 0.21016 0.232681 0.21042 0.236898 0.20254 0.243404 0.18624 0.238434 0.17172 0.240331 0.16918 0.235361 0.18012 0.226536
0 0.39866 0.39994 0.40254 0.462771 0.40092 0.471054 0.39898 0.479819 0.39574 0.481747 0.39316 0.483223 0.39574 0.488584 0.4006 0.496386 0.39994 0.506114 0.38636 0.506596 0.38248 0.495873 0.36696 0.481747 0.37666 0.45253 0.3757 0.423313 0.37148 0.405783 0.3689 0.399458 0.37634 0.393133 0.38604 0.394578 0.39478 0.397018 0.39866 0.39994 0.40188 0.40238 0.42096 0.426235 0.42808 0.443283 0.43068 0.456446 0.43002 0.465693 0.42518 0.462289 0.41612 0.459849 0.4145 0.458373 0.4103 0.456928 0.40738 0.459849 0.40642 0.459849 0.40188 0.40238
