0 0.473568 0.437516 0.534437 0.451656 0.55993 0.471438 0.574085 0.489344 0.579742 0.50725 0.575516 0.527047 0.542934 0.546844 0.497629 0.559094 0.438169 0.561922 0.392864 0.554375 0.37162 0.528937 0.378709 0.494062 0.397113 0.466734 0.421174 0.446938
0 0.159507 0.178281 0.164296 0.150656 0.188263 0.134703 0.226596 0.126203 0.252136 0.129391 0.269695 0.140016 0.280892 0.162344 0.268099 0.183609 0.248944 0.185734 0.232981 0.184672 0.201033 0.184672
0 0.573521 0.162656 0.534507 0.152438 0.506995 0.129875 0.494859 0.101344 0.494859 0.0851719 0.50892 0.075375 0.535141 0.0626094 0.562019 0.0451562 0.576714 0.0353594 0.634296 0.0374844 0.666268 0.0489844 0.688028 0.0685625 0.699531 0.0898594 0.702089 0.109438 0.693146 0.127328 0.683545 0.134563 0.671385 0.138813 0.636854 0.149469 0.615094 0.157984
0 0.217981 0.117297 0.233803 0.0809219 0.246737 0.0646406 0.295634 0.0589063 0.335915 0.0857031 0.35892 0.124953 0.312887 0.153672 0.30284 0.158469 0.266878 0.133578 0.225164 0.116344
0 0.457981 0.436703 0.445258 0.416359 0.410892 0.401109 0.405798 0.382469 0.42108 0.357906 0.450352 0.3435 0.503803 0.331641 0.558545 0.331641 0.595469 0.338422 0.608192 0.368078 0.603099 0.385016 0.587817 0.407891 0.568732 0.434156 0.544554 0.441781 0.524178 0.441781 0.501268 0.437547
0 0.564531 0.333781 0.564531 0.314234 0.56838 0.297781 0.583075 0.283891 0.616291 0.273094 0.647207 0.272578 0.664202 0.271547 0.708263 0.276172 0.736854 0.291609 0.75385 0.318859 0.731432 0.373391 0.681972 0.378531 0.637934 0.384188 0.610117 0.3775 0.603944 0.371328 0.583075 0.351266
0 0.419648 0.0888906 0.467817 0.0970938 0.489108 0.107531 0.495845 0.122453 0.46223 0.134391 0.447653 0.156016 0.442042 0.164969 0.421878 0.152297 0.398357 0.142594 0.360258 0.137375 0.355775 0.132891 0.355775 0.123953 0.349038 0.109781 0.354648 0.100828 0.384906 0.090375 0.417394 0.0888906
0 0.237136 0.528844 0.217277 0.520031 0.186854 0.506828 0.170962 0.499781 0.165681 0.492734 0.164343 0.483922 0.164343 0.470703 0.169648 0.461891 0.177582 0.454844 0.189484 0.444281 0.208028 0.438109 0.221244 0.436344 0.26493 0.436344 0.270211 0.439875 0.29669 0.453078 0.308592 0.472469 0.323169 0.498891 0.324484 0.51475 0.328451 0.528844 0.317864 0.540297 0.305962 0.545578 0.29669 0.535016 0.274202 0.535016 0.263615 0.532375 0.250376 0.526203 0.246408 0.526203
0 0.382254 0.397844 0.363732 0.395109 0.327746 0.405375 0.313333 0.397172 0.301009 0.351297 0.325681 0.320484 0.371972 0.302687 0.406948 0.298578 0.433685 0.304063 0.442934 0.307484 0.467629 0.334187 0.467629 0.338297 0.439859 0.357453 0.412089 0.378 0.408991 0.401953 0.387394 0.397844
0 0.437441 0.307188 0.463099 0.292172 0.509249 0.286703 0.545164 0.291484 0.558498 0.295578 0.567723 0.305141 0.566714 0.324937 0.556455 0.336547 0.496948 0.336547 0.477465 0.339969 0.468216 0.342687 0.44669 0.312656 0.439507 0.308547
0 0.117089 0.0464844 0.142864 0.0255937 0.158545 0.020375 0.186573 0.020375 0.215704 0.020375 0.234742 0.0241094 0.249319 0.0323125 0.271737 0.045 0.285188 0.0569219 0.261643 0.0591719 0.250446 0.0606563 0.243709 0.065125 0.232512 0.0763281 0.228028 0.0875156 0.217934 0.102422 0.20338 0.106906 0.184319 0.0942187 0.171995 0.0852656 0.163028 0.0740781 0.12493 0.0524531
