0 0.422453 0.409938 0.423187 0.401167 0.421719 0.379688 0.423187 0.371875 0.431969 0.364063 0.426844 0.352354 0.431234 0.338687 0.437812 0.328937 0.436359 0.315271 0.442219 0.297708 0.447328 0.292833 0.448062 0.272333 0.46125 0.257688 0.470766 0.263542 0.478078 0.273313 0.478078 0.259646 0.485391 0.250854 0.499312 0.245 0.5015 0.245 0.506625 0.245979 0.512484 0.25575 0.516141 0.262562 0.527125 0.258667 0.536641 0.263542 0.538828 0.270375 0.541031 0.254771 0.543219 0.250854 0.549078 0.245 0.560063 0.242083 0.573234 0.243063 0.577625 0.250854 0.574703 0.283062 0.567375 0.285021 0.571031 0.298687 0.568844 0.31625 0.564453 0.319188 0.569578 0.335771 0.565906 0.347479 0.560797 0.351375 0.565188 0.370896 0.561516 0.381646 0.552 0.388479 0.550547 0.3875 0.548344 0.407021 0.538094 0.414813 0.474422 0.405062 0.461969 0.407021 0.456125 0.408
0 0.496703 0.0970625 0.487484 0.101771 0.481797 0.116229 0.481516 0.128875 0.487484 0.134292 0.491 0.129958 0.500219 0.131042 0.504828 0.135729 0.508625 0.126333 0.511875 0.117313 0.514859 0.114062 0.514313 0.110792 0.511062 0.107542 0.506453 0.101771 0.501578 0.098875
0 0.274422 0.406562 0.291687 0.378729 0.289531 0.335542 0.3025 0.328833 0.309688 0.279875 0.317609 0.249167 0.334891 0.24725 0.361516 0.230917 0.374484 0.232833 0.402547 0.216521 0.418391 0.250125 0.434234 0.253 0.428469 0.297146 0.398234 0.407521 0.375203 0.417125 0.352156 0.422875 0.332734 0.426729 0.305375 0.419042
0 0.759984 0.661312 0.757406 0.645083 0.763687 0.623917 0.771437 0.616542 0.784719 0.610625 0.794687 0.614563 0.803172 0.620958 0.810562 0.638188 0.810922 0.652958 0.803906 0.664771 0.799484 0.660833 0.792469 0.662292 0.781031 0.662792 0.768484 0.661813 0.758516 0.661813
0 0.458844 0.206042 0.584063 0.206729 0.594297 0.146646 0.591578 0.143896 0.595672 0.139354 0.597031 0.129333 0.596359 0.124333 0.593969 0.120229 0.598406 0.117042 0.599078 0.111583 0.599766 0.106125 0.599078 0.0992917 0.597719 0.09475 0.591234 0.0861042 0.585766 0.082 0.576203 0.082 0.571094 0.0879167 0.568016 0.0952083 0.567672 0.104313 0.567672 0.110229 0.569156 0.113187 0.564703 0.10725 0.56025 0.102313 0.551344 0.101312 0.546891 0.102313 0.542812 0.10825 0.539484 0.109229 0.541703 0.100333 0.538734 0.0914167 0.535391 0.0899375 0.528344 0.0894375 0.523891 0.0899375 0.522406 0.0741042 0.515734 0.0642083 0.509047 0.06075 0.499406 0.0647083 0.495703 0.0706458 0.494219 0.0825208 0.494219 0.0894375 0.496812 0.095875 0.500156 0.0973542 0.505344 0.101312 0.510531 0.106271 0.51425 0.110229 0.5135 0.113687 0.510172 0.119125 0.507562 0.123583 0.506078 0.127542 0.504234 0.1315 0.503125 0.133958 0.498672 0.1315 0.492359 0.1315 0.484563 0.135458 0.480859 0.142875 0.477516 0.144854 0.476406 0.147312 0.474172 0.149792 0.471578 0.155229 0.468984 0.163646 0.468984 0.171063 0.470094 0.184917 0.469719 0.190354 0.462313 0.196292 0.457859 0.204208 0.458594 0.206187
0 0.624734 0.580792 0.621594 0.569479 0.621594 0.554813 0.632109 0.540542 0.640203 0.535146 0.651188 0.532458 0.662172 0.534 0.666797 0.542083 0.668813 0.547479 0.670266 0.556729 0.670844 0.564438 0.668813 0.581792 0.666797 0.586417 0.666219 0.586792 0.661594 0.578708 0.656969 0.572917 0.651188 0.568292 0.643375 0.567521 0.635 0.569458 0.629219 0.574083 0.624875 0.581396
0 0.697937 0.621042 0.700672 0.635125 0.700328 0.648292 0.699641 0.658271 0.698281 0.660542 0.660484 0.662812 0.658109 0.661458 0.652313 0.650104 0.651969 0.634208 0.654703 0.621042 0.660828 0.613771 0.669 0.608792 0.678531 0.608333 0.689766 0.611062 0.695219 0.617854
0 0.620203 0.590417 0.626359 0.574771 0.63475 0.568792 0.651938 0.568188 0.659188 0.575437 0.66775 0.590417 0.663844 0.599375 0.661594 0.600125 0.657219 0.595958 0.646984 0.5875 0.637969 0.587188 0.633844 0.588812 0.628969 0.589458 0.627016 0.592063 0.625063 0.594333 0.619719 0.598229 0.619219 0.599187
0 0.703984 0.595938 0.694391 0.588521 0.682328 0.584396 0.676766 0.584812 0.672438 0.581104 0.670578 0.573667 0.670578 0.560063 0.673063 0.54275 0.683266 0.529958 0.690688 0.526667 0.696562 0.52625 0.705531 0.531208 0.709547 0.534083 0.714813 0.5415 0.717906 0.54975 0.718828 0.556354 0.719453 0.568312 0.717594 0.581104 0.712344 0.589771 0.70925 0.593479 0.706453 0.594708
0 0.712578 0.590125 0.715125 0.596708 0.717031 0.599875 0.719891 0.595229 0.723547 0.593313 0.728328 0.592667 0.736109 0.592896 0.739453 0.593521 0.743266 0.595854 0.747563 0.600312 0.750266 0.602854 0.751859 0.605604 0.754078 0.601792 0.756938 0.596063 0.760594 0.587792 0.756141 0.578687 0.753125 0.568937 0.750734 0.561083 0.749469 0.557271 0.747078 0.554083 0.741672 0.548583 0.7385 0.547312 0.727531 0.548375 0.720844 0.553667 0.719422 0.555583 0.718469 0.557271 0.719734 0.568292 0.717984 0.581021 0.713531 0.588646
0 0.734469 0.547833 0.739547 0.542958 0.742094 0.541479 0.747344 0.540833 0.751953 0.541687 0.75625 0.54275 0.761656 0.545917 0.766266 0.548687 0.771031 0.556104 0.774531 0.562667 0.777234 0.568396 0.777234 0.570937 0.776281 0.573917 0.775813 0.575187 0.771516 0.575812 0.765953 0.579625 0.762453 0.583458 0.760547 0.587896 0.75625 0.578583 0.750047 0.558 0.745906 0.552292 0.741625 0.548687 0.738281 0.546771
0 0.8095 0.602083 0.814453 0.594375 0.822922 0.589 0.831594 0.588354 0.842516 0.592854 0.850391 0.598208 0.855859 0.607625 0.856656 0.618771 0.856328 0.629062 0.851359 0.639542 0.842672 0.648333 0.841875 0.649833 0.834969 0.651542 0.822109 0.651542 0.814891 0.645771 0.810234 0.634188 0.804609 0.616854 0.806531 0.607208 0.808781 0.602271
0 0.77625 0.574771 0.793984 0.576146 0.800578 0.581646 0.805531 0.591833 0.806141 0.606667 0.803875 0.615187 0.797687 0.604187 0.789438 0.597604 0.772125 0.595938 0.7645 0.602271 0.756656 0.611625 0.757281 0.603104 0.759547 0.591542 0.763047 0.583021 0.768406 0.577813 0.776875 0.5745
