0 0.995208 0.734094 0.928449 0.764219 0.870582 0.754172 0.817175 0.726562 0.790471 0.702703 0.783795 0.680109 0.794903 0.65375 0.841662 0.641188 0.872798 0.634922 0.959612 0.639938 0.977424 0.658766 1 0.683875 1 0.719031
0 0.83277 0.640656 0.822964 0.622547 0.843463 0.598922 0.854155 0.590875 0.919224 0.601938 0.938837 0.606469 0.944183 0.639141
0 0.860665 0.520219 0.844515 0.556672 0.837147 0.551703 0.873878 0.593938 0.916454 0.603047 0.960499 0.595594 0.97518 0.572406 0.957562 0.556672 0.919391 0.529328 0.903241 0.526016 0.875346 0.526016
0 0.995956 0.571047 0.971717 0.581297 0.958587 0.597828 0.945457 0.601813 0.941413 0.638266 0.953518 0.639969 0.958587 0.637703 0.982825 0.668453 0.99795 0.670734 1 0.570484 1 0.570484
0 0.953435 0.413609 0.972576 0.402813 0.996122 0.398672 1 0.314 0.965208 0.317312 0.931357 0.331422 0.913712 0.348859 0.910748 0.369609 0.90928 0.387875 0.922521 0.401156
0 0.935069 0.483375 0.920194 0.47175 0.913324 0.453047 0.923629 0.431094 0.94651 0.414969 0.973961 0.406578 0.996842 0.398188 0.997978 0.465953
0 0.928116 0.32825 0.906343 0.303687 0.913601 0.277766 0.923269 0.268219 0.937784 0.251844 0.988587 0.240937 1 0.236844 1 0.317328 0.949889 0.324156
0 1 0.153422 0.986094 0.158594 0.976288 0.165172 0.96831 0.171391 0.962188 0.180391 0.962798 0.1835 0.965845 0.189719 0.970139 0.195953 0.984238 0.186953 0.994044 0.181422 1 0.179703
0 1 0.235219 0.979557 0.237 0.96903 0.203156 0.974294 0.19425 0.983767 0.188906 0.997452 0.182969
0 1 0.567812 0.999917 0.465625 0.972161 0.471594 0.96554 0.473828 0.961579 0.476062 0.941745 0.485766 0.937784 0.48875 0.925873 0.493219 0.920582 0.499188 0.919252 0.504406 0.91795 0.512625 0.921911 0.520828 0.921911 0.527531 0.921911 0.5335 0.935125 0.541703 0.944377 0.546188 0.953657 0.549906 0.964211 0.554391 0.969501 0.561109 0.97349 0.564828 0.981413 0.570797 0.991994 0.572297 0.999917 0.571547
0 0.869197 0.795563 0.901967 0.781047 0.932382 0.786984 0.973352 0.797547 0.983878 0.797547 0.981551 0.813391 0.979197 0.8365 0.994404 0.847063 0.997922 0.852328 0.927701 0.838469 0.916011 0.833187 0.908975 0.82725 0.877368 0.808109
0 0.998449 0.849453 0.987258 0.843406 0.981413 0.821953 0.982382 0.810141 0.982382 0.805469 0.988227 0.793359 0.991634 0.790891 0.999446 0.788422
0 0.998089 0.736891 0.972465 0.750437 0.956454 0.759469 0.942022 0.764437 0.922022 0.767156 0.876371 0.764891 0.889169 0.773016 0.902798 0.7825 0.943629 0.793797 0.979668 0.797406 0.988476 0.793344 0.998089 0.791094 0.999695 0.734172
