0 0.35524 0.775973 0.4176 0.706293 0.4513 0.692827 0.49344 0.701813 0.49344 0.701813 0.52716 0.643387 0.53558 0.61416 0.57434 0.544507 0.62828 0.549013 0.66536 0.53328 0.72098 0.558 0.753 0.569227 0.77154 0.566987 0.79176 0.5108 0.85244 0.481573 0.88614 0.48832 0.91648 0.522027 0.92658 0.58496 0.92996 0.625413 0.95018 0.645627 1 0.690587 1 1 0.43446 1 0.3839 0.953493 0.3603 0.926533 0.34682 0.874853 0.34176 0.80968 0.34176 0.791707
0 0.3337 0.89176 0.29494 0.89176 0.24438 0.873787 0.21742 0.860293 0.20562 0.822107 0.22584 0.759173 0.22584 0.759173 0.21742 0.720987 0.22416 0.69176 0.2545 0.698507 0.2764 0.68952 0.28314 0.655813 0.29326 0.631093 0.32866 0.635573 0.32866 0.635573 0.35056 0.604107 0.36236 0.59512 0.38426 0.583893 0.39944 0.59064 0.40786 0.599627 0.40956 0.604107 0.41798 0.61536 0.44662 0.601867 0.45338 0.597387 0.47192 0.61536 0.48708 0.61984 0.51068 0.651307 0.4955 0.6648 0.47696 0.676027 0.45842 0.680533 0.45168 0.68952 0.3927 0.723227 0.38426 0.734453 0.38426 0.73896 0.37248 0.752427 0.37078 0.756933 0.3691 0.761413 0.35562 0.781653 0.33708 0.81536 0.33202 0.873787
0 0.37078 0.601867 0.34382 0.604107 0.32528 0.59064 0.31854 0.550187 0.33202 0.532213 0.3472 0.51648 0.3573 0.511973 0.3927 0.520987 0.39776 0.523227 0.39944 0.525467 0.39944 0.53896 0.38932 0.56592 0.38426 0.597387 0.37416 0.610853
0 0.4964 0.387627 0.48646 0.40336 0.48894 0.41744 0.49578 0.414933 0.4995 0.411627 0.51876 0.416613 0.53118 0.424053 0.53988 0.409147 0.54238 0.3992 0.53056 0.38016 0.51938 0.371867 0.50448 0.374373
0 0.399 0.438453 0.3756 0.40264 0.3964 0.379547 0.40418 0.372613 0.43192 0.38416 0.44144 0.389947 0.45184 0.395707 0.46398 0.40264 0.47696 0.41536 0.47436 0.437307 0.4709 0.445387 0.46224 0.45 0.45358 0.455787 0.43972 0.456933 0.42584 0.451173 0.42238 0.43384 0.40852 0.428053 0.40332 0.43152 0.40072 0.432667 0.39812 0.432667
0 0.35826 0.416587 0.35262 0.408053 0.35676 0.388507 0.36616 0.379973 0.37858 0.377973 0.38386 0.383493 0.38084 0.393013 0.37632 0.40456 0.38234 0.417093 0.35864 0.4176
0 0.26316 0.443467 0.25252 0.46096 0.2517 0.485547 0.2558 0.493733 0.28776 0.4932 0.29514 0.484987 0.30866 0.47352 0.30702 0.456587 0.29882 0.442373 0.29062 0.433093 0.273 0.432533
0 0.70276 0.46496 0.69594 0.450933 0.6933 0.430613 0.70066 0.403947 0.7154 0.395547 0.73222 0.394133 0.74906 0.401867 0.75852 0.410267 0.76272 0.4208 0.76536 0.43552 0.76484 0.452347 0.76062 0.46288 0.75168 0.467067 0.74064 0.458667 0.7317 0.455867 0.71908 0.45376
0 0.19646 0.64352 0.2171 0.622347 0.23376 0.607547 0.24884 0.575787 0.26076 0.563093 0.2798 0.55464 0.29646 0.558853 0.30202 0.562053 0.32424 0.584267 0.34092 0.61072 0.34012 0.617067 0.32662 0.62976 0.3171 0.635067 0.2917 0.631893 0.27424 0.687973 0.25122 0.69432 0.21472 0.696427 0.2052 0.685867 0.20044 0.677387
0 0.42114 0.571547 0.4249 0.54656 0.43146 0.53032 0.4502 0.517813 0.45958 0.51032 0.46708 0.481573 0.44738 0.469067 0.4605 0.459067 0.47082 0.45408 0.47832 0.436587 0.49894 0.41408 0.52238 0.41408 0.54486 0.400347 0.57862 0.40408 0.58798 0.405333 0.61798 0.406587 0.63766 0.41784 0.64328 0.421573 0.65266 0.449067 0.67234 0.47032 0.66204 0.497813 0.65548 0.539067 0.65454 0.544053 0.57954 0.5428 0.49706 0.70152 0.45114 0.686533 0.51206 0.647787 0.483 0.617787 0.45582 0.59904 0.42958 0.600293
0 0.68354 0.51896 0.68278 0.503387 0.68618 0.488293 0.69108 0.478747 0.69636 0.468667 0.70542 0.461627 0.71974 0.455093 0.73218 0.455093 0.75292 0.468667 0.765 0.490293 0.76688 0.505893 0.76612 0.51544 0.76462 0.537067 0.75934 0.55064 0.74992 0.557173 0.73444 0.555173 0.73068 0.551147 0.72126 0.53152 0.7088 0.521467 0.70088 0.518453 0.69258 0.518453
0 0.2065 0.576613 0.1948 0.303893 0.30194 0.303893 0.31754 0.387013 0.3409 0.397413 0.36038 0.397413 0.3974 0.412987 0.42858 0.43896 0.4422 0.51168 0.4091 0.576613 0.38766 0.581813 0.39936 0.524667 0.36038 0.51168 0.33702 0.529867 0.31754 0.56104 0.31364 0.568827 0.29806 0.55064 0.26494 0.56104 0.22598 0.607787 0.1987 0.631173
0 0.37968 0.287893 0.37002 0.282587 0.34274 0.282587 0.33592 0.296987 0.31772 0.315173 0.30238 0.332613 0.31034 0.368213 0.32342 0.38792 0.36036 0.397013 0.39786 0.375787 0.40866 0.361413 0.39842 0.316693 0.38536 0.287147
