0 0.599484 0.537875 0.618141 0.580833 0.618141 0.623792 0.585078 0.635104 0.580844 0.604583 0.573203 0.569521 0.576594 0.549188 0.588469 0.539 0.596953 0.540146
0 0.268141 0.601042 0.238984 0.580313 0.237047 0.549229 0.252594 0.531083 0.279797 0.562167 0.275906 0.582896
0 0.510594 0.552646 0.527125 0.54225 0.513719 0.504021 0.492203 0.504021 0.504984 0.551396
0 0.312984 0.573771 0.312375 0.527583 0.321484 0.520271 0.336078 0.517854 0.348234 0.531625 0.35675 0.539729 0.363437 0.545417 0.362219 0.564042 0.362219 0.572958 0.355531 0.585938 0.348844 0.591604 0.337906 0.593229 0.324531 0.58675
0 0.389109 0.668271 0.408578 0.66925 0.431703 0.676104 0.445656 0.678063 0.451156 0.634479 0.447484 0.612458 0.396094 0.597771 0.383609 0.633021
0 0.610984 0.561854 0.626641 0.540979 0.664687 0.564833 0.655734 0.597667 0.649578 0.619292 0.647344 0.634208 0.638953 0.623021 0.627203 0.624521 0.619375 0.614083 0.612094 0.567833
0 0.449547 0.556688 0.434469 0.508813 0.435187 0.502125 0.455297 0.49925 0.462484 0.49925 0.470375 0.494458 0.481859 0.4935 0.489047 0.501167 0.494781 0.506896 0.497656 0.527958 0.498375 0.531792
0 0.584578 0.490771 0.602563 0.498104 0.604766 0.536292 0.583109 0.546083 0.574656 0.547062 0.565109 0.536792 0.555203 0.535813 0.549328 0.534833 0.548953 0.511333 0.569891 0.516708 0.580531 0.505938 0.585313 0.493708
0 0.500703 0.551479 0.529312 0.541521 0.561641 0.534896 0.570359 0.541125 0.575328 0.545271 0.573156 0.57925 0.572531 0.586292 0.567859 0.587542 0.545797 0.560604 0.542063 0.561021 0.538016 0.566812 0.536469 0.575521 0.533672 0.584229 0.530875 0.592521 0.527453 0.595417 0.515016 0.593771 0.512828 0.58175 0.511594 0.576771 0.506 0.568896 0.502578 0.555208
0 0.388687 0.507292 0.402641 0.487708 0.408891 0.478896 0.4155 0.476438 0.419172 0.483292 0.426516 0.489167 0.435328 0.50875 0.412922 0.525896 0.409984 0.529312 0.401547 0.517083 0.390531 0.508271
0 0.756656 0.393271 0.770156 0.365104 0.783062 0.347104 0.800672 0.335354 0.827672 0.341625 0.838234 0.347104 0.852906 0.381521 0.889297 0.412833 0.904547 0.426125 0.904547 0.460562 0.894578 0.489521 0.887531 0.494208 0.864047 0.488729 0.827078 0.478563 0.807719 0.48325 0.797156 0.462917 0.750781 0.433167 0.750781 0.401875
0 0.774516 0.467354 0.807188 0.510938 0.810312 0.54 0.789297 0.60225 0.751938 0.659333 0.737156 0.686312 0.697469 0.697708 0.665562 0.676958 0.645328 0.629229 0.665562 0.561792 0.687344 0.527542 0.711469 0.501604 0.758938 0.468396 0.766719 0.469438
