0 0.624141 0.713157 0.649188 0.717436 0.660234 0.729679 0.663812 0.713157 0.656641 0.693574 0.640234 0.685321 0.623531 0.694792 0.620859 0.702452
0 0.604422 0.77391 0.594344 0.768093 0.588688 0.764872 0.579875 0.764231 0.567922 0.770673 0.565406 0.784872 0.572328 0.794551 0.589313 0.797788 0.599391 0.795849 0.608187 0.786811 0.608828 0.782292 0.608187 0.775833
0 0.614344 0.812516 0.589891 0.819567 0.570031 0.823093 0.567734 0.816827 0.567359 0.815657 0.573844 0.803894 0.586844 0.800369 0.600969 0.801538 0.612422 0.80899 0.614344 0.812516 0.615484 0.828189 0.615484 0.83641 0.604031 0.839936 0.581484 0.838365 0.615484 0.828189
0 0.67375 0.740946 0.685734 0.756122 0.691719 0.762628 0.706516 0.761554 0.713203 0.752147 0.72025 0.747099 0.720953 0.735176 0.713203 0.725417 0.700172 0.716026 0.693828 0.715304 0.678328 0.71891 0.672344 0.725048 0.671641 0.731554
0 0.727437 0.77351 0.710328 0.76649 0.71375 0.745433 0.734281 0.74367 0.753094 0.768237 0.727437 0.778766
0 0.6185 0.758429 0.612031 0.767628 0.606812 0.769984 0.600547 0.771058 0.588844 0.765913 0.584047 0.755417 0.582781 0.746426 0.584453 0.732292 0.592187 0.727356 0.59825 0.726074 0.610141 0.731859 0.616203 0.73508 0.618297 0.743221 0.618922 0.749647
0 0.640984 0.79883 0.635094 0.790689 0.633047 0.771362 0.635313 0.758798 0.641219 0.75367 0.654844 0.758798 0.667781 0.762276 0.68025 0.769263 0.686391 0.776955 0.683203 0.790689 0.682078 0.795112 0.676625 0.795801 0.6655 0.793478 0.65325 0.793478 0.644625 0.797196 0.640766 0.79766
0 0.685266 0.765609 0.689312 0.753125 0.678156 0.747917 0.667 0.741683 0.64975 0.746875 0.646719 0.753125
0 0.638922 0.809054 0.642813 0.803462 0.640875 0.799471 0.621391 0.797468 0.613203 0.811058 0.638922 0.809054 0.640484 0.821859 0.639703 0.82226 0.617484 0.827452 0.640094 0.834647 0.640484 0.821859
0 0.245703 0.784391 0.233516 0.781891 0.233922 0.776058 0.228641 0.781891 0.228641 0.781891 0.229453 0.785641 0.222953 0.784808 0.214828 0.801058 0.221734 0.816058 0.228641 0.818141 0.234734 0.818141 0.242047 0.815641 0.245703 0.814391 0.248141 0.811891 0.249359 0.810641 0.250984 0.809808 0.253828 0.811891 0.257891 0.811891 0.263172 0.812724 0.271297 0.808141 0.273328 0.805641 0.274953 0.802724 0.276984 0.798974 0.275766 0.789808 0.274547 0.782724 0.272922 0.779808 0.269672 0.777308 0.266016 0.776891 0.259109 0.779391 0.253828 0.779391 0.251391 0.779391 0.246109 0.781474 0.244078 0.783141
0 0.663375 0.719054 0.663375 0.70984 0.661031 0.703013 0.659078 0.694599 0.663766 0.683782 0.668063 0.680176 0.680953 0.678974 0.696578 0.682179 0.699703 0.686987 0.702047 0.694199 0.702047 0.694599 0.702438 0.705433 0.702438 0.713846 0.702047 0.71625 0.697359 0.71625 0.690719 0.71625 0.682125 0.717452 0.676266 0.719455 0.668063 0.723862 0.666891 0.723862
0 0.629437 0.714599 0.649766 0.718333 0.659672 0.730641 0.662797 0.737596 0.662797 0.741875 0.643516 0.75149 0.636203 0.754712 0.621609 0.748814 0.614828 0.734375 0.61275 0.726891 0.61275 0.721538 0.622656 0.715128
