0 0.388578 0.877641 0.350047 0.846328 0.328375 0.813813 0.338 0.757219 0.369313 0.725906 0.416281 0.719891 0.404234 0.709047 0.410266 0.690984 0.419891 0.690984 0.424703 0.717484 0.442781 0.721094 0.459641 0.73675 0.472875 0.734344 0.492141 0.774078 0.495766 0.823453 0.484922 0.833078 0.439156 0.846328 0.418687 0.872828
0 0.683359 0.957094 0.727125 0.915078 0.734125 0.878313 0.734125 0.848547 0.700859 0.801266 0.692109 0.790766 0.657094 0.78025 0.630828 0.775 0.611563 0.775 0.559031 0.801266 0.545031 0.815266 0.541531 0.832781 0.541531 0.855547 0.529266 0.873047 0.534516 0.890563 0.534516 0.909828 0.545031 0.925578 0.555531 0.934328 0.566047 0.941344 0.574797 0.946594 0.580047 0.957094 0.588797 0.964094 0.604563 0.967609 0.618563 0.967609 0.636078 0.969359 0.653594 0.969359 0.665844 0.969359 0.676344 0.965859 0.679844 0.962344 0.681594 0.960594 0.683359 0.958844
0 0.722484 0.828 0.730938 0.817688 0.775969 0.8205 0.807875 0.833625 0.832266 0.856156 0.840719 0.872109 0.852922 0.886172 0.841656 0.911516 0.835094 0.960297 0.834156 0.962172 0.831328 0.965 0.829453 0.965938 0.777844 0.928406 0.729063 0.915266 0.729063 0.915266 0.728125 0.915266 0.734687 0.867406 0.735625 0.845828 0.722484 0.829875 0.722484 0.829875
0 0.749578 0.741578 0.761234 0.738984 0.784516 0.743516 0.803922 0.722172 0.811031 0.700187 0.809734 0.670422 0.798094 0.6465 0.787094 0.636797 0.768984 0.625156 0.750875 0.6245 0.734703 0.623859 0.719828 0.629687 0.706891 0.640031 0.689438 0.656844 0.679734 0.674312 0.682969 0.695656 0.697187 0.723469 0.710781 0.733172 0.728234 0.740922 0.739891 0.745453
0 0.141578 0.984828 0.177531 0.924156 0.211234 0.903937 0.310109 0.910672 0.355063 0.937641 0.368547 0.980344 0.368547 0.991578
0 0.178625 0.798172 0.249094 0.783156 0.273344 0.757734 0.279125 0.723078 0.273344 0.702281 0.266406 0.686109 0.245625 0.668781 0.231766 0.665328 0.202875 0.666469 0.177469 0.674563 0.152047 0.694203 0.142813 0.728859 0.150891 0.758891 0.160141 0.776219
0 0.208937 0.892828 0.173859 0.906656 0.162156 0.883266 0.143031 0.865187 0.157906 0.820547 0.195109 0.795031 0.225937 0.786531 0.269516 0.797156 0.290781 0.822672 0.292906 0.839687 0.267391 0.859875 0.237625 0.882203 0.236563 0.900266
0 0.277016 0.708156 0.299844 0.70575 0.323875 0.703344 0.347906 0.715359 0.357516 0.733375 0.335891 0.759813 0.326281 0.816281 0.299844 0.835516 0.274609 0.803078 0.242172 0.785047 0.277016 0.755016 0.278219 0.712953
0 0.473703 0.719516 0.450266 0.698203 0.446016 0.657719 0.468375 0.625766 0.487563 0.611906 0.521656 0.607641 0.547219 0.6215 0.564266 0.642797 0.570656 0.667312 0.563203 0.699266 0.544031 0.718453 0.512063 0.730172 0.49075 0.728031
0 0.492734 0.740172 0.481187 0.749406 0.485797 0.771359 0.499672 0.782906 0.510062 0.785219 0.515844 0.786375 0.543562 0.760969 0.563203 0.754031 0.563203 0.734391 0.544719 0.724 0.522766 0.720531 0.493891 0.732078
0 0.613484 0.624719 0.575281 0.629219 0.552813 0.620219 0.532578 0.6045 0.512359 0.579781 0.521344 0.557297 0.557297 0.550563 0.593266 0.550563 0.620219 0.575281 0.613484 0.608984
0 0.515516 0.526953 0.504344 0.509484 0.495266 0.501812 0.497359 0.492734 0.506437 0.480172 0.509922 0.475281 0.527375 0.471797 0.535062 0.473187 0.546938 0.480172 0.555312 0.492031 0.555312 0.508797 0.550422 0.520656 0.546938 0.522062 0.524594 0.525547
0 0.589578 0.431078 0.607156 0.438234 0.619375 0.425125 0.612531 0.413797 0.600313 0.40575 0.585109 0.409625 0.581531 0.419766
