0 0.242438 0.584258 0.20925 0.579781 0.186156 0.56854 0.171734 0.532579 0.167406 0.485401 0.163078 0.458418 0.189047 0.429221 0.229453 0.442701 0.251109 0.460681 0.264094 0.492141 0.265531 0.552798
0 0.0482969 0.328905 0.0761406 0.292774 0.123313 0.279538 0.17125 0.302409 0.183625 0.351776 0.188266 0.403577 0.176672 0.450535 0.163516 0.456545 0.152688 0.455353 0.111703 0.42163 0.067625 0.42764 0.0544844 0.426448 0.0537031 0.404769 0.067625 0.37708 0.0745938 0.354185 0.0598906 0.340949
0 0.0568906 0.423917 0.0981563 0.410243 0.133281 0.423917 0.146453 0.434842 0.15875 0.460827 0.164016 0.478613 0.167531 0.489538 0.171047 0.512798 0.171047 0.544234 0.166656 0.564745 0.165766 0.570219 0.151719 0.579781 0.136797 0.585255 0.123625 0.574331 0.113094 0.560657 0.0990313 0.556545 0.0753281 0.562019 0.0691875 0.563382 0.0656719 0.563382 0.0586406 0.541509 0.0305469 0.520998 0.0252812 0.516886 0.0279063 0.488175 0.0428437 0.459465 0.0489844 0.430754 0.0568906 0.42528
0 0.251547 0.348127 0.272266 0.331119 0.288375 0.329319 0.309656 0.331995 0.329234 0.34455 0.337859 0.363358 0.345344 0.397421 0.345922 0.43146 0.337859 0.457445 0.328078 0.4718 0.305641 0.453869 0.283766 0.446691 0.2665 0.444015 0.252125 0.446691 0.245781 0.448491 0.255 0.398321 0.255578 0.366058 0.249812 0.348127
0 0.372359 0.587786 0.355219 0.579392 0.352281 0.568735 0.345922 0.526058 0.334672 0.491752 0.331734 0.483382 0.343469 0.465839 0.359141 0.458978 0.393391 0.465085 0.407594 0.477275 0.417375 0.493285 0.421781 0.518418 0.424234 0.537494 0.426187 0.555012 0.427172 0.57253 0.421297 0.595401 0.413953 0.612944 0.409547 0.61674 0.406609 0.612944 0.397313 0.599221 0.390953 0.593114
0 0.249063 0.435669 0.240203 0.448224 0.204734 0.433163 0.191031 0.420608 0.187797 0.392993 0.178937 0.341533 0.174906 0.315158 0.190219 0.302603 0.216828 0.300097 0.239391 0.312652 0.249875 0.346545 0.255516 0.392993 0.249063 0.454501
0 0.0901094 0.726448 0.112781 0.702384 0.140578 0.699173 0.16325 0.702384 0.187969 0.712019 0.216812 0.748905 0.238437 0.837129 0.241531 0.883625 0.237406 0.90129 0.219906 0.970243 0.201359 0.967032 0.172516 0.950998 0.131312 0.938175 0.110719 0.925328 0.102469 0.87562 0.0890781 0.816277 0.0767188 0.771363
0 0.460672 0.511363 0.449547 0.533309 0.450281 0.564501 0.480703 0.589927 0.489609 0.604939 0.528922 0.608394 0.545984 0.618808 0.558594 0.606083 0.549687 0.546034 0.527438 0.500973 0.485156 0.492895
0 0.256875 0.472725 0.251875 0.457153 0.266891 0.446764 0.288562 0.441557 0.331937 0.467543 0.351953 0.522068 0.361953 0.558443 0.361953 0.589611 0.361953 0.592214 0.340281 0.592214 0.313594 0.589611 0.286906 0.584404 0.263547 0.579221 0.261875 0.563625 0.266891 0.553236 0.261875 0.524672 0.256875 0.475328
0 0.423672 0.431168 0.460375 0.384404 0.488734 0.384404 0.51375 0.397397 0.523766 0.420779 0.527094 0.457153 0.527094 0.4909 0.512078 0.496107 0.457031 0.542847 0.423672 0.5091 0.423672 0.50129
0 0.00503125 0.65747 0.0754531 0.725791 0.113547 0.839051 0.087 0.955888 0 0.999027 0 0.765328
