0 0.762203 0.769354 0.757359 0.774521 0.766062 0.78225 0.763156 0.785479 0.756875 0.789354 0.748641 0.79775 0.741875 0.815167 0.741875 0.842917 0.749125 0.856479 0.755906 0.860333 0.765094 0.860333 0.768484 0.859042 0.779625 0.859042 0.783 0.860333 0.786391 0.85775 0.791234 0.851313 0.7985 0.846792 0.80575 0.844854 0.806719 0.840979 0.803328 0.800333 0.797531 0.792583 0.786875 0.788062 0.77575 0.788062 0.771875 0.780313 0.766062 0.773229
0 0.587578 0.138146 0.578156 0.116021 0.582297 0.100937 0.592859 0.0953958 0.608703 0.0964167 0.616625 0.110479 0.615484 0.131104 0.607953 0.141167 0.602297 0.141667
0 0.902281 0.166271 0.900828 0.155958 0.902766 0.143687 0.916313 0.130792 0.919703 0.1295 0.928891 0.136583 0.931797 0.126271 0.941969 0.121104 0.940516 0.130146 0.934219 0.136583 0.936156 0.139813 0.941484 0.146917 0.941484 0.165625 0.902281 0.165625
0 0.808156 0.151271 0.802187 0.157562 0.800437 0.168188 0.801187 0.176146 0.826812 0.171833 0.835031 0.168521 0.837016 0.162542 0.835531 0.15725 0.830047 0.150604 0.822828 0.144958 0.815375 0.144625
0 0.74475 0.802771 0.737172 0.779021 0.733609 0.776646 0.732281 0.783771 0.732281 0.790896 0.731391 0.792083 0.730938 0.793271 0.728719 0.792687 0.723812 0.78675 0.721594 0.767146 0.727828 0.743979 0.735844 0.724396 0.750531 0.713104 0.776375 0.713708 0.789734 0.725583 0.803984 0.749333 0.807984 0.763583 0.808437 0.774271 0.810656 0.783188 0.800422 0.795646 0.799969 0.79625 0.786609 0.787333 0.778156 0.784958 0.77325 0.780208 0.767906 0.771313 0.764781 0.769521 0.760781 0.7725 0.760781 0.776646 0.760328 0.779625 0.766563 0.782 0.768344 0.78675 0.765672 0.787333 0.757219 0.789125 0.755437 0.789125
0 0.774406 0.691167 0.753859 0.708896 0.744203 0.712125 0.732109 0.705688 0.728484 0.694396 0.728484 0.673458 0.736953 0.658958 0.756281 0.657333 0.780453 0.663792 0.784078 0.687958 0.782859 0.702458 0.764734 0.715354 0.770781 0.707292
0 0.358281 0.682354 0.351516 0.670771 0.350062 0.652729 0.355859 0.643083 0.365516 0.636 0.37325 0.636 0.378563 0.636 0.383391 0.638563 0.394016 0.651458 0.394016 0.664979 0.389188 0.683646 0.386766 0.684937 0.380969 0.673979 0.371797 0.671417 0.364078 0.675917
0 0.566594 0.617396 0.555406 0.608458 0.548125 0.595021 0.547562 0.583083 0.547562 0.566688 0.553719 0.554 0.562109 0.548021 0.567703 0.545792 0.574422 0.545792 0.579453 0.545792 0.584484 0.545792 0.587844 0.548021 0.594562 0.5525 0.596797 0.55475 0.597359 0.558479 0.598469 0.566688 0.598469 0.572646 0.598469 0.577125 0.597922 0.579354 0.592328 0.579354 0.590641 0.577875 0.585609 0.576375 0.583375 0.576375 0.577781 0.575625 0.573859 0.577125 0.571063 0.579354 0.568266 0.585333 0.564344 0.592792 0.564344 0.59875 0.564344 0.604729 0.564906 0.609937 0.565469 0.615917
0 0.955266 0.623771 0.964141 0.606 0.970922 0.597604 0.980031 0.592625 0.988906 0.59075 0.997078 0.591062 0.999891 0.593542 0.999891 0.631854 0.992875 0.632167 0.986328 0.635604 0.977219 0.643375 0.975125 0.645875 0.969984 0.636521 0.961109 0.626875 0.955031 0.624688
0 0.201609 0.550083 0.193234 0.538937 0.184859 0.540417 0.178172 0.548604 0.170906 0.546375 0.169797 0.551583 0.164219 0.554542 0.161984 0.553812 0.161984 0.553063 0.157516 0.546375 0.155844 0.532979 0.160875 0.516604 0.158078 0.512896 0.15975 0.509167 0.164219 0.514375 0.168687 0.507687 0.177047 0.502479 0.188203 0.503208 0.201047 0.515875 0.207187 0.528521 0.202156 0.536687 0.201609 0.550083 0.198813 0.553063 0.188766 0.550083 0.185984 0.550833 0.190437 0.558271 0.187656 0.562 0.194906 0.5605 0.198813 0.553063
0 0.925563 0.663458 0.923859 0.647646 0.925906 0.638625 0.923859 0.631396 0.925219 0.629583 0.930641 0.632292 0.940797 0.621 0.955703 0.622812 0.961469 0.627333 0.975688 0.644937 0.987219 0.632292 0.997031 0.630479 1 0.631396 0.99975 0.682875 0.997719 0.686042 0.98925 0.677917 0.983141 0.677 0.972984 0.674292 0.970281 0.668875 0.959094 0.668417 0.955703 0.672937 0.948594 0.667063 0.945547 0.6725 0.945203 0.675208 0.935719 0.67475 0.927937 0.670687 0.925906 0.665708
0 0.570344 0.580125 0.564359 0.590521 0.564047 0.603312 0.567344 0.6185 0.573641 0.625292 0.582344 0.627292 0.591938 0.627688 0.602125 0.623292 0.607828 0.615687 0.605422 0.600104 0.600328 0.584521 0.593125 0.579729 0.575437 0.572937
0 0.599656 0.583354 0.603484 0.574042 0.61025 0.568042 0.620156 0.567125 0.626469 0.571625 0.627375 0.571937 0.633672 0.567729 0.640203 0.566521 0.643813 0.566521 0.643578 0.570125 0.641109 0.574042 0.639078 0.571937 0.633 0.573729 0.629172 0.577333 0.631422 0.580042 0.635031 0.588458 0.635922 0.595667 0.634797 0.601375 0.633672 0.604375 0.632328 0.607667 0.630516 0.605271 0.629391 0.605271 0.627594 0.608583 0.626469 0.612479 0.624672 0.617292 0.623094 0.618792 0.621063 0.616979 0.618578 0.615187 0.616781 0.613687 0.615656 0.613375 0.61475 0.613979 0.613172 0.616083 0.612281 0.618188 0.609797 0.618188 0.606187 0.618479 0.608453 0.615187 0.606187 0.601958 0.600781 0.58575 0.598984 0.584854
