0 0.538103 0.713219 0.544684 0.746109 0.557822 0.757812 0.572061 0.760734 0.601663 0.748297 0.61918 0.721984 0.601663 0.709562 0.588501 0.705906 0.570984 0.705906 0.540281 0.714672
0 0.600749 0.744922 0.590164 0.769672 0.617237 0.789297 0.644309 0.785375 0.660773 0.770844 0.660773 0.7465 0.63548 0.740609 0.614286 0.739437 0.60192 0.745719
0 0.513302 0.858375 0.506276 0.837781 0.513302 0.826547 0.530141 0.819063 0.562412 0.818125 0.57644 0.831234 0.580656 0.846203 0.580656 0.859313 0.555386 0.865875 0.525925 0.865875
0 0.505925 0.741437 0.493864 0.745969 0.490117 0.765078 0.501405 0.785687 0.520258 0.787703 0.558689 0.771609 0.55719 0.754516 0.539836 0.740938 0.523279 0.738922
0 0.547963 0.815109 0.531546 0.806891 0.530656 0.792922 0.539766 0.781672 0.553419 0.772859 0.573466 0.770437 0.590773 0.771953 0.606253 0.775297 0.614918 0.785625 0.616721 0.799 0.609438 0.812969 0.595785 0.819359 0.576651 0.822094 0.554333 0.819969
0 0.586932 0.855719 0.578759 0.828422 0.584005 0.817109 0.617916 0.813594 0.637213 0.814375 0.641897 0.820234 0.642482 0.835047 0.639555 0.849094 0.626112 0.8565 0.604473 0.858453 0.593958 0.856109
0 0.397166 0.812484 0.40719 0.808531 0.419485 0.807312 0.428595 0.810344 0.447728 0.813688 0.452717 0.813688 0.454098 0.819469 0.451358 0.831922 0.446815 0.842266 0.43815 0.845 0.427213 0.846813 0.409461 0.845 0.394426 0.839219 0.391241 0.829797 0.390773 0.817953 0.3926 0.813688 0.395785 0.812484
0 0.438501 0.660781 0.456393 0.662312 0.464637 0.667516 0.471054 0.672406 0.476112 0.679453 0.477494 0.688328 0.46555 0.69475 0.44171 0.698422 0.428876 0.699031 0.416487 0.69475 0.411452 0.684344 0.414192 0.677922 0.418782 0.672406 0.424754 0.666594 0.432553 0.662625
0 0.486066 0.861234 0.456487 0.852469 0.451007 0.834187 0.460867 0.818109 0.477307 0.818844 0.498126 0.829078 0.513466 0.826141 0.506885 0.834187 0.512365 0.847344 0.513466 0.858313
0 0.423021 0.762563 0.445363 0.777047 0.457494 0.766391 0.460679 0.754047 0.472178 0.740422 0.4626 0.732344 0.448548 0.728938 0.421756 0.731484 0.418571 0.750219
0 0.582506 0.679688 0.584684 0.686953 0.581452 0.702937 0.56719 0.703766 0.55445 0.706766 0.544684 0.711781 0.53719 0.719297 0.529742 0.71175 0.513864 0.702156 0.507752 0.696375 0.505831 0.691234 0.505831 0.683734 0.511616 0.676875 0.518665 0.672594 0.529906 0.668094 0.540492 0.66575 0.552389 0.664453 0.560726 0.664891 0.569391 0.667031 0.574543 0.670031 0.578712 0.672594 0.582553 0.679875
0 0.436862 0.810125 0.411405 0.804984 0.406019 0.783391 0.411405 0.771563 0.419883 0.766922 0.430679 0.767953 0.443794 0.779266 0.441475 0.790078
