0 0.64496 0.792287 0.6536 0.768856 0.66892 0.758123 0.6809 0.754223 0.68156 0.732757 0.68622 0.719091 0.6982 0.704457 0.70884 0.697625 0.71284 0.700557 0.71284 0.678094 0.7215 0.661525 0.72882 0.65176 0.74212 0.646862 0.74946 0.646862 0.75678 0.618563 0.77808 0.610762 0.79072 0.618563 0.80136 0.60783 0.80802 0.60393 0.82134 0.602962 0.83398 0.609795 0.83664 0.61563 0.83798 0.618563 0.85196 0.616628 0.8646 0.621496 0.87392 0.628328 0.87724 0.638094 0.87592 0.656628 0.87258 0.667361 0.85794 0.69566 0.84464 0.693724 0.84396 0.717155 0.83266 0.735689 0.82066 0.749355 0.81136 0.758123 0.80336 0.754223 0.80336 0.761056 0.78672 0.772786 0.7814 0.787419 0.78006 0.807918 0.76676 0.804018 0.76808 0.823519 0.76076 0.844018 0.75478 0.84695 0.74014 0.828416 0.7215 0.824487 0.70486 0.826452 0.69154 0.826452 0.68754 0.808886 0.67358 0.794252 0.66426 0.788387 0.6536 0.787419
0 0.87916 0.590938 0.87084 0.596716 0.86294 0.597361 0.85156 0.595425 0.8349 0.56522 0.83272 0.544663 0.83358 0.531818 0.84236 0.514487 0.84498 0.507419 0.85286 0.505484 0.86294 0.502903 0.87214 0.499062 0.87916 0.502903 0.8923 0.513842 0.898 0.525396 0.89844 0.535044 0.8945 0.544663 0.88616 0.561378 0.87872 0.576804 0.8774 0.587713
0 0.52804 0.375865 0.49304 0.375865 0.49304 0.361466 0.49918 0.347067 0.50838 0.335367 0.5176 0.33088 0.52004 0.321877 0.5219 0.309267 0.52804 0.294868 0.53846 0.29217 0.5446 0.293079 0.5489 0.283167 0.5618 0.280469 0.5618 0.27956 0.5618 0.265161 0.57222 0.248974 0.58144 0.246276 0.5888 0.246276 0.59616 0.246276 0.60476 0.234575 0.61642 0.230968 0.62502 0.230968 0.63116 0.233666 0.6373 0.24085 0.6373 0.243578 0.63116 0.248974 0.63054 0.261554 0.61582 0.273255 0.60844 0.287654 0.60292 0.299355 0.58574 0.317361 0.56916 0.337185 0.54952 0.354282 0.53908 0.364164 0.53232 0.372287
0 0.90218 0.452317 0.91246 0.430205 0.92172 0.423167 0.94984 0.425161 0.95122 0.432199 0.9615 0.44478 0.9591 0.466393 0.95532 0.481994 0.95362 0.48651 0.94812 0.480997 0.9296 0.489032 0.92036 0.466891 0.89944 0.453343
0 0.35992 0.504868 0.45336 0.399765 0.4668 0.386628 0.49048 0.386628 0.518 0.383812 0.50968 0.402581 0.41944 0.518944 0.3644 0.506745
0 0.35298 0.560411 0.3523 0.544809 0.35952 0.529677 0.37258 0.523636 0.38324 0.523636 0.39252 0.53522 0.3932 0.544311 0.3853 0.545806 0.38186 0.556393 0.37464 0.555396 0.35882 0.560411
0 0.79694 0.588768 0.8276 0.593255 0.83372 0.550557 0.83372 0.584282 0.83372 0.523607 0.81074 0.516862 0.79388 0.54607 0.79542 0.566305
0 0.35692 0.509238 0.32944 0.502874 0.3128 0.502874 0.30628 0.493343 0.31424 0.47956 0.32436 0.473196 0.33016 0.456217 0.34028 0.456217 0.35114 0.43607 0.36198 0.435015 0.37572 0.425455 0.38658 0.40956 0.39454 0.401056 0.3996 0.383021 0.4119 0.370293 0.4278 0.370293 0.44082 0.380909 0.45602 0.385161 0.45746 0.4 0.41116 0.449853 0.36416 0.499707 0.35764 0.511378
0 0.63968 0.232962 0.62768 0.224164 0.63034 0.205572 0.63702 0.194839 0.6517 0.189941 0.66504 0.194839 0.67038 0.205572 0.6697 0.208504 0.66304 0.220264
0 0.21026 0.309589 0.1871 0.29305 0.17016 0.287243 0.1487 0.267361 0.13626 0.267361 0.13062 0.269853 0.11762 0.288886 0.10124 0.278944 0.08712 0.286422 0.08712 0.299648 0.07866 0.307126 0.0651 0.307947 0.0538 0.326158 0.04984 0.341085 0.05436 0.356804 0.06962 0.37088 0.06792 0.390762 0.07752 0.404018 0.09446 0.409003 0.1052 0.417273 0.11368 0.417273 0.20462 0.316217
0 0.94952 0.561026 0.93872 0.559384 0.93332 0.547713 0.91542 0.53437 0.91542 0.515191 0.92168 0.499795 0.93418 0.486452 0.94298 0.48563 0.95606 0.489795 0.96544 0.496452 0.96942 0.506862 0.97198 0.519355 0.9717 0.528534 0.97056 0.536041
0 0.91168 0.616569 0.79508 0.585484 0.79332 0.554399 0.81098 0.515543 0.83394 0.515543 0.84808 0.497419 0.86576 0.487038 0.87282 0.463724 0.89756 0.445601 0.90286 0.445601 0.91168 0.427449 0.93112 0.414516 0.92582 0.393783 0.9541 0.370469 0.9647 0.37305 0.97 0.386012 0.9753 0.528504 0.91522 0.62176
0 0.21844 0.298768 0.2096 0.293988 0.20772 0.272141 0.21472 0.257801 0.22868 0.251642 0.238 0.25437 0.24498 0.262581 0.2487 0.269384 0.24732 0.277595
