0 0.559156 0.869563 0.541281 0.861146 0.543375 0.847833 0.544953 0.835208 0.544953 0.822583 0.549172 0.818375 0.555484 0.811354 0.578094 0.816958 0.589141 0.828187 0.591766 0.837313 0.589141 0.849229 0.580719 0.85975 0.570203 0.870271
0 0.619047 0.951125 0.626391 0.930583 0.638859 0.921771 0.659406 0.920792 0.673344 0.925687 0.674813 0.94525 0.670406 0.946229 0.652062 0.948187 0.630062 0.947208
0 0.558641 0.95575 0.556828 0.927042 0.565656 0.917354 0.578094 0.915271 0.587703 0.912854 0.59625 0.913208 0.611812 0.931188 0.611563 0.942937 0.60975 0.953667 0.558125 0.961958 0.559422 0.95575
0 0.454391 0.971854 0.44425 0.958333 0.449328 0.929063 0.471281 0.911042 0.491547 0.911042 0.510141 0.935813 0.511828 0.958333 0.505062 0.980854 0.461156 0.969604
0 0.394219 0.925292 0.397109 0.911771 0.40725 0.904042 0.422219 0.904042 0.43575 0.911771 0.444437 0.931729 0.442016 0.955542 0.439125 0.961979 0.422703 0.961979 0.4145 0.968417 0.409672 0.980021 0.398078 0.972938 0.39325 0.951688 0.387937 0.956833 0.387937 0.949104 0.391313 0.933021
0 0.500859 0.901375 0.495078 0.906729 0.483938 0.904938 0.474594 0.897813 0.471469 0.890083 0.471922 0.879396 0.46925 0.86575 0.470578 0.860396 0.482156 0.843771 0.491516 0.838437 0.503984 0.838437 0.512437 0.841396 0.516453 0.853875 0.519125 0.850896 0.520453 0.853875 0.518234 0.858021 0.519562 0.865146 0.522234 0.87525 0.522687 0.882958 0.520016 0.888896
0 0.535266 0.403479 0.531531 0.3985 0.522219 0.394375 0.517859 0.395187 0.509797 0.403479 0.512281 0.417563 0.513516 0.424188 0.525938 0.429979 0.529047 0.425021 0.531531 0.419208
0 0.297891 0.909208 0.296625 0.891833 0.295359 0.882938 0.298859 0.871479 0.310297 0.863854 0.320156 0.860479 0.327141 0.860042 0.3335 0.862167 0.338906 0.873604 0.343359 0.883792 0.345578 0.890563 0.346219 0.897771 0.345578 0.903271 0.344 0.910479 0.342406 0.908792 0.337 0.904125 0.329375 0.901583 0.321422 0.904542 0.308703 0.904979 0.301391 0.907521
0 0.306844 0.863729 0.313125 0.848938 0.328094 0.833479 0.344031 0.833479 0.354656 0.845062 0.361891 0.864375 0.362859 0.876625 0.347406 0.891417 0.333891 0.861167 0.307812 0.863729
0 0.634844 0.737417 0.610547 0.737417 0.607172 0.745521 0.597047 0.750021 0.590969 0.746417 0.589625 0.739229 0.592328 0.728417 0.592328 0.720333 0.592328 0.714021 0.597719 0.707729 0.616625 0.712229 0.627422 0.718521
0 0.418203 0.902333 0.417953 0.876563 0.424891 0.866979 0.431828 0.862042 0.4395 0.85675 0.445453 0.855104 0.454859 0.854104 0.461047 0.855417 0.46625 0.861042 0.469969 0.869292 0.470953 0.875562 0.470953 0.884167 0.470953 0.893083 0.472453 0.903646 0.472938 0.911563 0.469234 0.916521 0.453375 0.927083 0.450156 0.929396 0.445453 0.929396 0.443469 0.92875 0.435297 0.911563 0.431078 0.906625 0.426125 0.904312
0 0.375844 0.878646 0.360672 0.858417 0.348875 0.842688 0.360672 0.822479 0.380906 0.80225 0.401125 0.811229 0.402813 0.853938 0.392703 0.867417
0 0.591078 0.893104 0.588844 0.881167 0.58325 0.874458 0.573734 0.8685 0.569828 0.871479 0.559187 0.870729 0.549125 0.873708 0.539609 0.885646 0.536266 0.896083 0.540172 0.903542 0.547453 0.910271 0.553047 0.917729 0.556391 0.925187 0.566469 0.916229 0.576531 0.917729 0.584375 0.914729 0.589969 0.91325 0.590516 0.905042 0.601156 0.906542 0.601719 0.901312 0.591078 0.899813
