0 0.218297 0.557559 0.223516 0.554765 0.231531 0.556174 0.236391 0.559812 0.239 0.565423 0.238625 0.574671 0.238813 0.582512 0.236953 0.584765 0.234156 0.582793 0.231344 0.581667 0.22725 0.581667 0.222578 0.587277 0.223891 0.581385 0.224078 0.577183 0.221656 0.564296 0.218672 0.560094 0.217359 0.557019
0 0.257984 0.57784 0.264328 0.583357 0.266672 0.590869 0.263 0.60392 0.260328 0.607441 0.252984 0.606925 0.248297 0.606925 0.245297 0.601408 0.236281 0.597887 0.236609 0.585869 0.240953 0.57784 0.248641 0.576315 0.254312 0.57331
0 0.227359 0.609906 0.223484 0.589202 0.227781 0.581455 0.23725 0.581455 0.238547 0.587911 0.230359 0.605376 0.227781 0.609906
0 0.195266 0.567981 0.197719 0.568873 0.198578 0.585493 0.196906 0.595329 0.196391 0.599577 0.188563 0.603638 0.183422 0.599977 0.180719 0.593991 0.181875 0.579108 0.187141 0.570023
0 0.180078 0.597629 0.169938 0.598685 0.166031 0.603169 0.163953 0.608709 0.162125 0.616667 0.165797 0.613192 0.168797 0.613192 0.170859 0.615962 0.178 0.616995 0.181688 0.616995 0.182828 0.614249 0.185375 0.603169
0 0.196859 0.580258 0.196859 0.567606 0.202297 0.555704 0.211219 0.552723 0.217656 0.553474 0.224578 0.569085 0.223594 0.5877 0.223094 0.589178 0.212703 0.582488 0.203297 0.582488 0.195375 0.589178 0.196359 0.580258
0 0.150281 0.581174 0.143844 0.571948 0.142984 0.562277 0.144844 0.555423 0.149422 0.548333 0.155141 0.545094 0.161281 0.545329 0.168 0.549836 0.170437 0.563991 0.169437 0.57216 0.168719 0.574531 0.164141 0.574085 0.154141 0.574319 0.151422 0.580329
0 0.134484 0.588685 0.129797 0.599249 0.114547 0.59662 0.111609 0.584272 0.117484 0.571056 0.121 0.567535 0.128031 0.568427 0.131547 0.575469 0.135063 0.585164
0 0.307234 0.53385 0.302578 0.528028 0.299094 0.515775 0.297531 0.500047 0.297922 0.486643 0.30025 0.475563 0.306063 0.468592 0.316922 0.462183 0.335156 0.465094 0.345625 0.472653 0.353781 0.488967 0.350672 0.519272 0.344078 0.531502 0.327781 0.53385 0.31925 0.53385
0 0.00395313 0.620399 0.0112969 0.576244 0.065875 0.519484 0.157187 0.522629 0.176078 0.563638 0.183422 0.593592 0.0679687 0.610939
0 0.196547 0.601784 0.198703 0.609577 0.223563 0.608592 0.226578 0.601784 0.227453 0.590423 0.221406 0.584883 0.214703 0.581315 0.206266 0.5823 0.200219 0.585869 0.197188 0.588146 0.195031 0.601784
