0 0.0931382 0.699812 0.139321 0.736766 0.187002 0.741906 0.203934 0.777828 0.24548 0.768594 0.279321 0.783984 0.279321 0.749094 0.260867 0.722391 0.270094 0.702891 0.30548 0.693656 0.334731 0.695703 0.383958 0.717266 0.447049 0.732656 0.459368 0.754219 0.477822 0.788094 0.474754 0.805547 0.46089 0.818891 0.394731 0.820953 0.337799 0.819922 0.320867 0.820953 0.248548 0.841484 0.233162 0.849687 0.20548 0.845594 0.142389 0.829156 0.134684 0.829156 0.105457 0.835313 0.0623653 0.828141 0.0408431 0.843531 0.00697892 0.843531 0 0.797344 0.000819672 0.750109 0.0254567 0.727531 0.0392974 0.716234 0.0562295 0.707 0.0823888 0.69775 0.0946838 0.69775
0 0.121475 0.488859 0.115433 0.481578 0.113396 0.472687 0.118665 0.464609 0.128361 0.456516 0.134801 0.451937 0.152576 0.458672 0.16267 0.468641 0.16267 0.481844 0.157822 0.488859 0.146112 0.491547 0.139251 0.495047 0.129555 0.493438
0 0.224426 0.444141 0.241803 0.455234 0.242553 0.464813 0.252365 0.466328 0.267471 0.466328 0.296183 0.463297 0.305995 0.447672 0.303747 0.434063 0.289391 0.423984 0.271265 0.420469 0.251616 0.421969 0.238782 0.427016 0.230468 0.430547
0 0.182108 0.69625 0.207822 0.687656 0.23356 0.687656 0.261265 0.687656 0.26918 0.687656 0.270164 0.678422 0.260258 0.667859 0.234543 0.659281 0.21178 0.659281 0.190023 0.664562 0.174192 0.671828 0.164286 0.678422 0.166276 0.687 0.177143 0.693609
0 0.0644028 0.658609 0.0532787 0.650484 0.0326698 0.65225 0.0146838 0.661422 0.0141452 0.67625 0.0263232 0.688953 0.0326698 0.691422 0.042178 0.693531 0.0506557 0.685063 0.068103 0.679422 0.0665105 0.672016
0 0.0956674 0.697266 0.0569789 0.706328 0.0284543 0.703609 0.00334895 0.711313 0 0.660141 0.00946136 0.658781 0.0142155 0.663312 0.0155738 0.674625 0.0352459 0.694109 0.0705386 0.675984 0.0657845 0.660141 0.0786885 0.652438 0.137073 0.661953 0.166932 0.662406 0.178454 0.651984 0.193396 0.663312 0.167611 0.67825 0.162178 0.686859 0.145199 0.673719 0.130281 0.675078 0.116019 0.678703
0 0.0682904 0.4885 0.0650351 0.484859 0.0610304 0.4805 0.0712178 0.464234 0.0933958 0.458172 0.110492 0.469813 0.110843 0.487047 0.0861124 0.498688 0.0682904 0.489953
0 0.0910773 0.458453 0.0873536 0.44725 0.10555 0.436344 0.119087 0.436031 0.13822 0.450984 0.111616 0.471547 0.0924824 0.458766
0 0.0353162 0.456313 0.0173068 0.464438 0.0109836 0.472547 0.0109836 0.480016 0.016815 0.485219 0.0270492 0.489766 0.0333724 0.492359 0.0387119 0.493 0.0484543 0.488141 0.0581733 0.483594 0.0611007 0.476125 0.0625761 0.469313 0.0601405 0.463141 0.0528337 0.459562 0.0450351 0.456313
0 0.0816393 0.397391 0.0714052 0.399656 0.0602342 0.403891 0.0538876 0.410375 0.0538876 0.416547 0.0563232 0.423359 0.06363 0.429859 0.0680094 0.430828 0.0738407 0.430188 0.0811475 0.431156 0.0855269 0.432125 0.0942857 0.425312 0.101101 0.420437 0.101101 0.415578 0.0972131 0.407453 0.0942857 0.403891 0.0884543 0.398359
0 0.154052 0.450063 0.1374 0.440719 0.125152 0.427875 0.13829 0.410344 0.157541 0.400406 0.181194 0.399828 0.194333 0.399828 0.21534 0.416188 0.216206 0.436047 0.21534 0.440719 0.193443 0.440719 0.170679 0.446563 0.16281 0.454156 0.151429 0.449484
