0 0.320484 0.784379 0.281156 0.833349 0.297781 0.879016 0.333219 0.887307 0.357047 0.886487 0.383062 0.844145 0.379188 0.807611 0.363687 0.796838 0.349281 0.784379 0.329344 0.778571
0 0.572516 0.987611 0.592047 0.956089 0.586047 0.902037 0.551484 0.881756 0.527438 0.895269 0.518422 0.87726 0.495875 0.87726 0.482359 0.861475 0.471844 0.796183 0.450797 0.773653 0.41925 0.773653 0.404219 0.818689 0.404219 0.836721 0.384687 0.859227 0.380172 0.81644 0.330594 0.782646 0.287016 0.847963 0.317062 0.91103 0.296031 0.904286 0.273484 0.881756 0.235922 0.895269 0.232922 0.895269 0.205859 0.902037 0.13975 0.91103 0.14275 0.924543 0.226906 0.985363
0 0.232547 0.765246 0.229469 0.715878 0.237687 0.675785 0.261359 0.66192 0.288109 0.66808 0.312797 0.680422 0.324125 0.70356 0.322063 0.762155 0.308688 0.786815
0 0.135625 0.688501 0.127484 0.717471 0.132062 0.76089 0.140203 0.767002 0.200703 0.779204 0.217484 0.751756 0.222578 0.718993 0.216984 0.687728 0.190547 0.667166 0.169187 0.656487 0.142734 0.670211 0.134094 0.69993
0 0.172328 0.656393 0.161875 0.643677 0.146875 0.636838 0.132516 0.635855 0.118156 0.64466 0.104453 0.662272 0.0979219 0.677916 0.0959688 0.704333 0.100531 0.725855 0.112937 0.744426 0.124687 0.752272 0.131203 0.750304 0.127297 0.717049 0.139047 0.672061
0 0.0835313 0.722459 0.061 0.738407 0.0177969 0.725269 0.0109063 0.701827 0.0102813 0.662412 0.0177969 0.646464 0.0353281 0.631452 0.0434688 0.626745 0.0528594 0.623934 0.0603594 0.623934 0.067875 0.623934 0.0872813 0.627681 0.0941719 0.641756 0.0991875 0.656768 0.0991875 0.678361 0.0922969 0.711194 0.0922969 0.727143 0.0904219 0.72808
0 0.332344 0.527049 0.323344 0.525246 0.314937 0.525246 0.299922 0.536932 0.290313 0.566651 0.292109 0.602646 0.296312 0.626956 0.312531 0.635059 0.326937 0.639555 0.346766 0.624239 0.357578 0.601756 0.357578 0.557635 0.357578 0.540539
0 0.44375 0.522904 0.465359 0.493607 0.501375 0.487424 0.522969 0.516721 0.527094 0.541405 0.490047 0.5337 0.466391 0.550656 0.444781 0.558361
0 0.884688 0.940562 0.894969 0.915316 0.914625 0.897775 0.909953 0.872529 0.894516 0.851499 0.881406 0.840281 0.862219 0.83466 0.844906 0.836768 0.823391 0.852904 0.807016 0.874637 0.798125 0.893583 0.792969 0.905504 0.808875 0.911101 0.827594 0.939157 0.837422 0.955995 0.858953 0.946159
0 0.326344 0.732061 0.348281 0.7363 0.363141 0.74904 0.378 0.770258 0.353953 0.779789 0.336969 0.779789 0.323516 0.753279 0.322109 0.735246
0 0.295703 0.629368 0.289844 0.636885 0.274766 0.645667 0.267234 0.645667 0.260531 0.639391 0.252984 0.601733 0.254672 0.590445 0.259687 0.584169 0.270578 0.575386 0.289 0.570351 0.293187 0.567845
0 0.516359 0.502248 0.523625 0.477377 0.530672 0.466487 0.549297 0.464098 0.56475 0.464098 0.576578 0.471593 0.586797 0.482155 0.593156 0.502927 0.591797 0.519274 0.589078 0.531874 0.586125 0.545855 0.573391 0.537658 0.560672 0.540047 0.535891 0.552998 0.526359 0.556745 0.522719 0.542436 0.515906 0.509742
